--- RIGHT HAND ---
--- C++ Trellis at n=1 ---
-7.9115125442	-3.5115992467	-4.4681902014	-6.0506028160	-8.4707127026
-8.2165057343	-9.1334569066	-4.8493148995	-4.5790326208	-7.8111139596
-7.8788971360	-9.0826260075	-17.0900491602	-6.6262854546	-4.4290184701
-8.6856086938	-9.5327959197	-17.5394499809	-17.5409100216	-5.8276988697
-8.5070438645	-9.6053863886	-9.6054619920	-9.6054249752	-17.2076600945
--- C++ Trellis at n=387 ---
-1426.1278598529	-1422.7961059110	-1422.6709372926	-1422.3748210468	-1422.1111870243
-1431.0240028343	-1422.8401807395	-1419.3496866583	-1418.1425781775	-1417.6677143565
-1431.4857682057	-1431.0331469783	-1421.6191748996	-1420.8902330379	-1418.8362754989
-1426.8472703720	-1426.9962179795	-1424.6173844382	-1421.4225651082	-1422.2570500701
-1431.7759673233	-1431.6803615453	-1430.7106796536	-1426.7197454525	-1423.0722860272
--- C++ Trellis at n=773 ---
-2814.1194450136	-2811.1825117940	-2811.3760047926	-2811.3775927136	-2811.3395695485
-2815.7820446486	-2812.2943865576	-2807.8432662399	-2806.2391585712	-2806.5819235822
-2814.5825835329	-2812.0867406251	-2806.9249626905	-2804.7018595136	-2801.9465006193
-2818.9506466504	-2811.9164029958	-2815.1288366784	-2807.2530256013	-2803.6364802526
-2821.0376402920	-2813.6262593604	-2816.9482989870	-2816.5633370658	-2807.4355915926
