//Version: Python_Output
0	0.00488284	1.02003	B4	71	109	0	1
1	0.00488284	1.02003	D5	74	109	0	2
2	0.00488284	1.02003	F5	77	109	0	3
3	0.00488284	1.02003	G5	79	109	0	4
4	0.00488284	1.02003	B5	83	123	0	5
5	0.282717	0.415042	G#4	68	110	1	3
6	0.400881	0.542972	G4	67	88	1	1
7	0.528812	0.670414	F4	65	110	1	2
8	0.656254	0.786626	D4	62	88	1	4
9	0.772466	0.903326	Eb4	63	88	1	3
10	0.889165	1.03467	D4	62	88	1	1
11	1.02051	1.16602	B3	59	110	1	2
12	1.15186	1.28272	G3	55	88	1	4
13	1.26856	1.39942	G#3	56	88	1	3
14	1.38526	1.52589	G3	55	88	1	1
15	1.51173	1.65235	F3	53	110	1	2
16	1.63819	1.76905	D3	50	88	1	4
17	1.75489	1.88624	Eb3	51	88	1	3
18	1.87208	2.01417	D3	50	88	1	1
19	2.00392	2.17872	B2	47	110	1	2
20	2.16456	2.29689	G2	43	88	1	4
21	2.28273	2.41505	G#2	44	88	1	3
22	2.40089	2.54298	G2	43	88	1	1
23	2.52882	2.67043	F2	41	110	1	2
24	2.65627	2.78664	D2	38	88	1	4
25	2.77248	2.90334	Eb2	39	88	1	3
26	2.88918	3.03469	D2	38	88	1	1
27	3.02053	3.16603	C2	36	110	1	2
28	3.15187	3.28273	G1	31	88	1	5
29	3.26857	3.39943	C2	36	88	1	2
30	3.38527	3.5259	G1	31	88	1	5
31	3.51174	3.88625	G#4	68	80	0	1
32	3.51174	3.88625	Eb5	75	80	0	2
33	3.51174	3.87161	F5	77	80	0	3
34	3.51174	3.87161	G#5	80	94	0	5
35	3.51174	3.65237	C2	36	110	1	2
36	3.63821	3.76907	G1	31	88	1	5
37	3.75491	3.88625	C2	36	78	1	2
38	3.87209	3.97561	G4	67	44	0	1
39	3.87209	3.99954	G5	79	58	0	4
40	3.87209	4.01418	G1	31	68	1	5
41	4.00393	5.02005	D5	74	109	0	1
42	4.00393	5.02005	F5	77	109	0	2
43	4.00393	5.02005	G5	79	109	0	3
44	4.00393	5.02005	D6	86	123	0	5
45	4.00393	4.17483	B1	35	83	1	3
46	4.28274	4.41507	G#4	68	110	1	2
47	4.40091	4.543	G4	67	88	1	1
48	4.52884	4.67044	F4	65	110	1	2
49	4.65628	4.78665	D4	62	88	1	4
50	4.77249	4.90335	Eb4	63	88	1	3
51	4.88919	5.0347	D4	62	88	1	1
52	5.02054	5.16605	B3	59	110	1	2
53	5.15189	5.28275	G3	55	88	1	4
54	5.26859	5.39945	G#3	56	88	1	3
55	5.38529	5.52591	G3	55	88	1	1
56	5.51175	5.65238	F3	53	110	1	2
57	5.63822	5.76908	D3	50	88	1	4
58	5.75492	5.88627	Eb3	51	88	1	3
59	5.87211	6.0142	D3	50	88	1	1
60	6.00394	6.17875	B2	47	110	1	2
61	6.16459	6.29691	G2	43	88	1	4
62	6.28275	6.41508	G#2	44	88	1	3
63	6.40092	6.54301	G2	43	88	1	1
64	6.52885	6.67045	F2	41	110	1	2
65	6.65629	6.78666	D2	38	88	1	4
66	6.7725	6.90336	Eb2	39	88	1	3
67	6.8892	7.03471	D2	38	88	1	1
68	7.02055	7.16606	C2	36	110	1	2
69	7.1519	7.28276	G1	31	88	1	5
70	7.2686	7.39946	C2	36	88	1	2
71	7.3853	7.52592	G1	31	88	1	5
72	7.51176	7.88628	G#4	68	80	0	1
73	7.51176	7.88628	Eb5	75	80	0	2
74	7.51176	7.87163	F5	77	80	0	4
75	7.51176	7.87163	G#5	80	94	0	5
76	7.51176	7.65239	C2	36	110	1	2
77	7.63823	7.76909	G1	31	86	1	5
78	7.75493	7.88628	C2	36	74	1	2
79	7.87212	7.97563	G4	67	75	0	1
80	7.87212	7.99956	G5	79	89	0	5
81	7.87212	8.01421	G1	31	62	1	5
82	8.00395	8.13237	F5	77	87	0	1
83	8.00395	8.11772	G5	79	87	0	2
84	8.00395	8.13237	D6	86	87	0	3
85	8.00395	8.13237	F6	89	101	0	5
86	8.00395	8.17485	B1	35	83	1	3
87	8.28276	8.39312	G#6	92	110	0	4
88	8.28276	8.41509	G#5	80	110	1	2
89	8.40093	8.52105	G6	91	88	0	3
90	8.40093	8.54302	G5	79	88	1	1
91	8.52886	8.64849	F6	89	112	0	2
92	8.52886	8.67046	F5	77	110	1	2
93	8.6563	8.7647	D6	86	88	0	1
94	8.6563	8.78667	D5	74	88	1	4
95	8.77251	8.8814	Eb6	87	88	0	4
96	8.77251	8.90337	Eb5	75	88	1	3
97	8.88921	9.01275	D6	86	88	0	3
98	8.88921	9.03472	D5	74	88	1	1
99	9.02056	9.1441	B5	83	114	0	2
100	9.02056	9.16607	B4	71	110	1	2
101	9.15191	9.2608	G5	79	88	0	1
102	9.15191	9.28277	G4	67	88	1	4
103	9.26861	9.3775	G#5	80	88	0	4
104	9.26861	9.39947	G#4	68	88	1	3
105	9.38531	9.50396	G5	79	88	0	3
106	9.38531	9.52594	G4	67	88	1	1
107	9.51178	9.63043	F5	77	112	0	2
108	9.51178	9.6524	F4	65	110	1	2
109	9.63824	9.74713	D5	74	88	0	1
110	9.63824	9.7691	D4	62	88	1	4
111	9.75494	9.86432	Eb5	75	88	0	4
112	9.75494	9.88629	Eb4	63	88	1	3
113	9.87213	9.99225	D5	74	88	0	3
114	9.87213	10.0142	D4	62	88	1	1
115	10.004	10.1568	B4	71	117	0	2
116	10.004	10.1788	B3	59	110	1	2
117	10.1646	10.275	G4	67	88	0	1
118	10.1646	10.2969	G3	55	88	1	4
119	10.2828	10.3931	G#4	68	88	0	4
120	10.2828	10.4151	G#3	56	88	1	3
121	10.4009	10.5211	G4	67	88	0	3
122	10.4009	10.543	G3	55	88	1	1
123	10.5289	10.6485	F4	65	112	0	2
124	10.5289	10.6705	F3	53	110	1	2
125	10.6563	10.7647	D4	62	88	0	1
126	10.6563	10.7867	D3	50	88	1	4
127	10.7725	10.8814	Eb4	63	88	0	4
128	10.7725	10.9034	Eb3	51	88	1	3
129	10.8892	11.0128	D4	62	88	0	3
130	10.8892	11.0347	D3	50	88	1	1
131	11.0206	11.1675	B3	59	110	0	2
132	11.0206	11.1675	B2	47	110	1	2
133	11.1529	11.2895	G3	55	88	0	1
134	11.1529	11.2895	G2	43	88	1	4
135	11.2743	11.4154	G#3	56	88	0	4
136	11.2743	11.4154	G#2	44	88	1	3
137	11.3997	11.5564	G3	55	88	0	3
138	11.3997	11.5564	G2	43	88	1	1
139	11.5402	11.7028	F3	53	110	0	2
140	11.5402	11.7028	F2	41	110	1	2
141	11.6859	11.8424	D3	50	88	0	1
142	11.6859	11.8424	D2	38	88	1	3
143	11.8249	11.988	Eb3	51	88	0	4
144	11.8249	11.988	Eb2	39	88	1	2
145	11.9699	12.1522	D3	50	88	0	3
146	11.9699	12.1522	D2	38	88	1	3
147	12.1391	12.3482	C3	48	88	0	2
148	12.1391	12.3336	C2	36	88	1	4
149	12.3341	12.4444	B2	47	88	0	1
150	12.3341	12.4278	B1	35	83	1	5
151	12.4523	12.5846	G3	55	88	0	5
152	12.4523	12.5846	G2	43	88	1	1
153	12.5704	12.7125	F3	53	88	0	4
154	12.5704	12.7125	F2	41	88	1	1
155	12.6983	12.84	Eb3	51	88	0	3
156	12.6983	12.84	Eb2	39	88	1	2
157	12.8258	12.9562	D3	50	88	0	2
158	12.8258	12.9562	D2	38	88	1	3
159	12.942	13.0729	Eb3	51	88	0	3
160	12.942	13.0729	Eb2	39	88	1	2
161	13.0587	13.2042	D3	50	88	0	2
162	13.0587	13.2042	D2	38	88	1	3
163	13.1901	13.3356	C3	48	88	0	1
164	13.1901	13.3209	C2	36	88	1	4
165	13.3214	13.4137	B2	47	50	0	1
166	13.3214	13.4137	B1	35	50	1	5
167	13.4381	13.547	Bb3	58	59	0	5
168	13.4381	13.569	Bb2	46	59	1	1
169	13.5548	13.6735	G#3	56	62	0	4
170	13.5548	13.6954	G#2	44	62	1	2
171	13.6813	13.7999	G3	55	65	0	3
172	13.6813	13.8219	G2	43	65	1	1
173	13.8077	13.9166	F3	53	69	0	2
174	13.8077	13.9386	F2	41	69	1	2
175	13.9244	14.0338	G3	55	72	0	3
176	13.9244	14.0558	G2	43	72	1	1
177	14.0416	14.1617	F3	53	88	0	2
178	14.0416	14.1837	F2	41	88	1	2
179	14.1735	14.3263	Eb3	51	95	0	1
180	14.1735	14.3483	Eb2	39	88	1	3
181	14.3341	14.4445	D3	50	88	0	1
182	14.3341	14.4279	D2	38	52	1	1
183	14.4523	14.5626	Eb4	63	92	0	5
184	14.4523	14.5846	Eb3	51	62	1	2
185	14.5704	14.6905	D4	62	96	0	5
186	14.5704	14.7125	D3	50	67	1	3
187	14.6984	14.818	C4	60	100	0	4
188	14.6984	14.8253	C3	48	102	1	1
189	14.8258	14.9342	B3	59	97	0	3
190	14.8258	14.9415	B2	47	69	1	2
191	14.942	15.0509	C4	60	96	0	4
192	14.942	15.0582	C3	48	68	1	1
193	15.0587	15.1823	B3	59	95	0	3
194	15.0587	15.2042	B2	47	67	1	2
195	15.1901	15.3136	G#3	56	65	0	2
196	15.1901	15.3356	G#2	44	65	1	3
197	15.3214	15.4303	G3	55	64	0	1
198	15.3214	15.4523	G2	43	64	1	4
199	15.4381	15.547	G#3	56	63	0	2
200	15.4381	15.569	G#2	44	63	1	3
201	15.5548	15.6735	G3	55	61	0	1
202	15.5548	15.6954	G2	43	61	1	1
203	15.6813	15.7999	F3	53	60	0	3
204	15.6813	15.8219	F2	41	60	1	2
205	15.8077	15.9166	Eb3	51	59	0	2
206	15.8077	15.9386	Eb2	39	59	1	3
207	15.9244	16.0338	F3	53	57	0	3
208	15.9244	16.0558	F2	41	57	1	2
209	16.0416	16.1617	Eb3	51	56	0	2
210	16.0416	16.1451	Eb2	39	51	1	3
211	16.1735	16.4371	C3	48	81	0	1
212	16.1735	16.3483	C2	36	74	1	5
213	16.3341	16.4664	G2	43	56	1	2
214	16.4523	16.5846	C3	48	59	1	1
215	16.5704	16.7125	D3	50	63	1	4
216	16.6984	16.84	Eb3	51	66	1	3
217	16.8258	16.9562	G3	55	69	1	2
218	16.942	17.0729	C4	60	72	1	1
219	17.0587	17.2042	D4	62	75	1	3
220	17.1901	17.3356	Eb4	63	108	1	2
221	17.3214	17.4523	D4	62	75	1	3
222	17.4381	17.569	C4	60	72	1	1
223	17.5548	17.6954	G3	55	68	1	2
224	17.6813	17.8219	Eb3	51	65	1	3
225	17.8078	17.9386	D3	50	62	1	4
226	17.9245	18.0558	C3	48	59	1	1
227	18.0416	18.1452	G2	43	51	1	2
228	18.1735	18.3483	C2	36	68	1	5
229	18.3341	18.4664	G2	43	68	1	2
230	18.4523	18.5846	C3	48	57	1	1
231	18.5705	18.7125	D3	50	64	1	3
232	18.6984	18.84	Eb3	51	101	1	2
233	18.8258	18.9562	D3	50	67	1	3
234	18.942	19.0729	C3	48	61	1	1
235	19.0587	19.1657	G2	43	51	1	2
236	19.1901	19.3356	C2	36	75	1	5
237	19.3214	19.4523	G2	43	75	1	2
238	19.4381	19.569	C3	48	62	1	1
239	19.5548	19.6955	C5	72	80	0	1
240	19.5548	19.6808	C6	84	94	0	5
241	19.5548	19.6955	D3	50	88	1	3
242	19.6813	20.0558	D5	74	80	0	1
243	19.6813	20.0412	D6	86	94	0	5
244	19.6813	19.8219	Eb3	51	88	1	2
245	19.8078	19.9386	D3	50	59	1	3
246	19.9245	20.0558	C3	48	73	1	1
247	20.0417	20.1691	Eb5	75	96	0	1
248	20.0417	20.1691	Eb6	87	110	0	5
249	20.0417	20.1452	G2	43	83	1	2
250	20.1735	21.1896	Eb5	75	127	0	1
251	20.1735	21.1896	Eb6	87	127	0	5
252	20.1735	20.3483	C2	36	88	1	5
253	20.3341	20.4665	G2	43	56	1	2
254	20.4523	20.5846	C3	48	60	1	1
255	20.5705	20.7126	D3	50	63	1	4
256	20.6984	20.84	Eb3	51	66	1	3
257	20.8258	20.9562	G3	55	70	1	2
258	20.9421	21.0729	C4	60	73	1	1
259	21.0588	21.2043	D4	62	76	1	3
260	21.1901	21.3356	Eb4	63	109	1	2
261	21.3214	21.4523	D4	62	74	1	3
262	21.4381	21.569	C4	60	64	1	1
263	21.5548	21.6808	G4	67	57	0	1
264	21.5548	21.6808	C5	72	57	0	2
265	21.5548	21.6808	Eb5	75	57	0	3
266	21.5548	21.6808	G5	79	71	0	5
267	21.5548	21.6955	G3	55	65	1	2
268	21.6813	22.0412	G4	67	57	0	1
269	21.6813	22.0412	C5	72	57	0	2
270	21.6813	22.0412	Eb5	75	57	0	3
271	21.6813	22.0412	G5	79	67	0	5
272	21.6813	21.8219	Eb3	51	67	1	3
273	21.8078	21.9386	D3	50	75	1	4
274	21.9245	22.0558	C3	48	83	1	1
275	22.0417	22.1618	G4	67	68	0	1
276	22.0417	22.1691	C5	72	68	0	2
277	22.0417	22.1691	Eb5	75	68	0	3
278	22.0417	22.1691	G5	79	82	0	5
279	22.0417	22.1452	G2	43	60	1	2
280	22.1735	23.2292	G#4	68	70	0	1
281	22.1735	23.401	C5	72	70	0	2
282	22.1735	23.401	Eb5	75	70	0	3
283	22.1735	23.1896	G#5	80	84	0	5
284	22.1735	22.3483	C2	36	65	1	5
285	22.3341	22.4665	G2	43	88	1	2
286	22.4523	22.5846	C3	48	84	1	1
287	22.5705	22.7126	D3	50	81	1	3
288	22.6984	22.84	Eb3	51	78	1	2
289	22.8259	22.9562	D3	50	69	1	3
290	22.9421	23.0729	C3	48	65	1	1
291	23.0588	23.1657	G2	43	60	1	2
292	23.1901	23.401	G4	67	54	0	1
293	23.1901	23.4377	G5	79	68	0	5
294	23.1901	23.3356	C2	36	65	1	5
295	23.3215	23.4523	G2	43	65	1	2
296	23.4382	23.569	C3	48	63	1	1
297	23.5549	23.6955	C5	72	80	0	1
298	23.5549	23.6808	C6	84	94	0	5
299	23.5549	23.6955	D3	50	88	1	3
300	23.6813	24.0558	D5	74	80	0	1
301	23.6813	24.0412	D6	86	94	0	5
302	23.6813	23.822	Eb3	51	88	1	2
303	23.8078	23.9387	D3	50	59	1	3
304	23.9245	24.0558	C3	48	72	1	1
305	24.0417	24.1691	Eb5	75	94	0	1
306	24.0417	24.1691	Eb6	87	108	0	5
307	24.0417	24.1452	G2	43	83	1	2
308	24.1735	25.1896	Eb5	75	127	0	1
309	24.1735	25.1896	Eb6	87	127	0	5
310	24.1735	24.3483	C2	36	88	1	5
311	24.3342	24.4665	G2	43	56	1	2
312	24.4523	24.5847	C3	48	59	1	1
313	24.5705	24.7126	D3	50	62	1	4
314	24.6984	24.84	Eb3	51	65	1	3
315	24.8259	24.9562	G3	55	67	1	2
316	24.9421	25.0729	C4	60	70	1	1
317	25.0588	25.2043	D4	62	73	1	3
318	25.1901	25.3356	Eb4	63	106	1	2
319	25.3215	25.4523	D4	62	71	1	3
320	25.4382	25.569	C4	60	63	1	1
321	25.5549	25.6808	G4	67	57	0	1
322	25.5549	25.6808	C5	72	57	0	2
323	25.5549	25.6808	Eb5	75	57	0	3
324	25.5549	25.6808	G5	79	71	0	5
325	25.5549	25.6955	G3	55	65	1	2
326	25.6813	26.0412	G4	67	59	0	1
327	25.6813	26.0412	C5	72	59	0	2
328	25.6813	26.0412	Eb5	75	59	0	3
329	25.6813	26.0412	G5	79	69	0	5
330	25.6813	25.822	Eb3	51	67	1	3
331	25.8078	25.9387	D3	50	75	1	4
332	25.9245	26.0559	C3	48	83	1	1
333	26.0417	26.1618	G4	67	86	0	1
334	26.0417	26.1691	C5	72	86	0	2
335	26.0417	26.1691	Eb5	75	86	0	3
336	26.0417	26.1691	G5	79	100	0	5
337	26.0417	26.1452	G2	43	86	1	2
338	26.1735	28.2487	A4	69	127	0	1
339	26.1735	28.2487	C5	72	91	0	2
340	26.1735	28.1691	Eb5	75	91	0	3
341	26.1735	28.1691	A5	81	105	0	5
342	26.1735	26.3483	C2	36	127	1	5
343	26.3342	26.4665	F#2	42	65	1	2
344	26.4523	26.5847	C3	48	65	1	1
345	26.5705	26.7126	D3	50	65	1	3
346	26.6984	26.84	Eb3	51	65	1	2
347	26.8259	26.9562	D3	50	65	1	3
348	26.9421	27.0729	C3	48	65	1	1
349	27.0588	27.1657	F#2	42	60	1	2
350	27.1901	27.3356	C2	36	65	1	5
351	27.3215	27.4523	F#2	42	65	1	2
352	27.4382	27.569	C3	48	65	1	1
353	27.5549	27.6955	D3	50	65	1	3
354	27.6813	27.822	Eb3	51	65	1	2
355	27.8078	27.9387	D3	50	65	1	3
356	27.9245	28.0559	C3	48	65	1	1
357	28.0417	28.1452	F#2	42	60	1	2
358	28.1735	28.3444	D5	74	86	0	1
359	28.1735	28.2653	A5	81	86	0	3
360	28.1735	28.302	D6	86	100	0	5
361	28.1735	28.3483	B1	35	65	1	5
362	28.3342	28.4665	B2	47	67	1	1
363	28.4523	28.5847	D3	50	79	1	4
364	28.5705	28.7126	G3	55	91	1	2
365	28.6984	29.1897	G4	67	109	0	1
366	28.6984	29.1897	D5	74	109	0	2
367	28.6984	29.1897	G5	79	123	0	5
368	28.6984	28.84	D4	62	97	1	1
369	28.8259	28.9563	G3	55	65	1	2
370	28.9421	29.073	D3	50	65	1	4
371	29.0588	29.1657	B2	47	60	1	1
372	29.1901	29.3357	Bb1	34	65	1	5
373	29.3215	29.4524	Bb2	46	65	1	1
374	29.4382	29.5691	C#3	49	65	1	4
375	29.5549	29.6955	G4	67	91	0	1
376	29.5549	29.6809	C#5	73	91	0	2
377	29.5549	29.6809	G5	79	105	0	5
378	29.5549	29.6955	G3	55	65	1	2
379	29.6814	30.0559	G#4	68	107	0	1
380	29.6814	30.0412	C#5	73	107	0	2
381	29.6814	30.0412	G#5	80	121	0	5
382	29.6814	29.822	C#4	61	65	1	1
383	29.8078	29.9387	G3	55	65	1	2
384	29.9245	30.0559	C#3	49	65	1	4
385	30.0417	30.1692	G4	67	86	0	1
386	30.0417	30.1452	C#5	73	86	0	2
387	30.0417	30.1692	G5	79	100	0	5
388	30.0417	30.1452	Bb2	46	60	1	1
389	30.1736	30.4817	G4	67	91	0	1
390	30.1736	30.4519	C5	72	91	0	2
391	30.1736	30.4519	G5	79	105	0	5
392	30.1736	30.3484	A1	33	65	1	5
393	30.3342	30.4665	A2	45	65	1	1
394	30.4524	30.5461	C5	72	86	0	1
395	30.4524	30.57	C6	84	100	0	5
396	30.4524	30.5847	C3	48	65	1	4
397	30.5705	30.7126	F3	53	65	1	2
398	30.6985	31.1897	F4	65	109	0	1
399	30.6985	31.1897	C5	72	109	0	2
400	30.6985	31.1897	F5	77	123	0	5
401	30.6985	30.8401	C4	60	65	1	1
402	30.8259	30.9563	F3	53	65	1	2
403	30.9421	31.073	C3	48	65	1	4
404	31.0588	31.1657	A2	45	60	1	1
405	31.1902	31.3357	G#1	32	65	1	5
406	31.3215	31.4524	G#2	44	65	1	1
407	31.4382	31.5691	C3	48	65	1	4
408	31.5549	31.6955	F4	65	91	0	1
409	31.5549	31.6809	C5	72	91	0	2
410	31.5549	31.6809	F5	77	105	0	5
411	31.5549	31.6955	F3	53	65	1	2
412	31.6814	32.0559	G4	67	107	0	1
413	31.6814	32.0412	C5	72	107	0	2
414	31.6814	32.0412	G5	79	121	0	5
415	31.6814	31.822	C4	60	65	1	1
416	31.8078	31.9387	F3	53	65	1	2
417	31.9245	32.0559	C3	48	65	1	4
418	32.0417	32.1452	F4	65	86	0	1
419	32.0417	32.1692	C5	72	86	0	2
420	32.0417	32.1692	F5	77	100	0	5
421	32.0417	32.1452	G#2	44	60	1	1
422	32.1736	34.1389	E4	64	107	0	1
423	32.1736	34.1389	C5	72	107	0	3
424	32.1736	34.1389	E5	76	121	0	5
425	32.1736	32.3484	G1	31	65	1	5
426	32.3342	32.4665	G2	43	65	1	2
427	32.4524	32.5847	C3	48	65	1	1
428	32.5705	32.7126	B2	47	67	1	2
429	32.6985	32.8401	C#3	49	69	1	1
430	32.8259	32.9563	C3	48	71	1	2
431	32.9421	33.073	D3	50	73	1	1
432	33.0588	33.2043	C#3	49	74	1	2
433	33.1902	33.3371	Eb3	51	76	1	1
434	33.3225	33.4591	D3	50	78	1	2
435	33.4439	33.585	E3	52	80	1	1
436	33.5693	33.726	Eb3	51	82	1	2
437	33.7097	33.8724	F3	53	84	1	1
438	33.8555	34.012	E3	52	86	1	2
439	33.9945	34.1575	F#3	54	88	1	1
440	34.1395	34.2936	Eb4	63	91	0	1
441	34.1395	34.303	Eb5	75	105	0	5
442	34.1395	34.3218	F3	53	90	1	2
443	34.3086	35.3592	B4	71	122	0	1
444	34.3086	34.887	Eb4	63	91	0	3
445	34.3086	34.8675	Eb5	75	105	0	5
446	34.3086	34.5178	G3	55	91	1	1
447	34.5037	34.636	F#3	54	90	1	2
448	34.6219	34.7542	G#3	56	88	1	1
449	34.74	34.8821	G3	55	87	1	2
450	34.8679	35.3372	D4	62	86	0	1
451	34.8679	35.3372	D5	74	100	0	5
452	34.8679	35.0095	Bb3	58	85	1	1
453	34.9954	35.1258	G#3	56	83	1	2
454	35.1116	35.2425	G3	55	81	1	3
455	35.2283	35.3738	F3	53	80	1	1
456	35.3596	35.5052	Eb3	51	78	1	2
457	35.491	35.6219	D3	50	76	1	3
458	35.6077	35.7386	C3	48	74	1	1
459	35.7244	35.865	B2	47	73	1	2
460	35.8509	35.9915	G#2	44	71	1	3
461	35.9773	36.1082	G2	43	69	1	1
462	36.094	36.2254	F2	41	67	1	2
463	36.2112	36.3147	D2	38	61	1	4
464	36.3431	36.5179	C2	36	39	1	5
465	36.5037	36.636	G2	43	65	1	2
466	36.6219	36.7542	C3	48	68	1	1
467	36.74	36.8821	D3	50	70	1	4
468	36.868	37.0096	Eb3	51	73	1	3
469	36.9954	37.1258	G3	55	75	1	2
470	37.1116	37.2425	C4	60	78	1	1
471	37.2283	37.3738	D4	62	80	1	3
472	37.3597	37.5052	Eb4	63	81	1	2
473	37.491	37.6219	D4	62	80	1	3
474	37.6077	37.7386	C4	60	78	1	1
475	37.7244	37.865	G3	55	75	1	2
476	37.8509	37.9915	Eb3	51	73	1	3
477	37.9773	38.1082	D3	50	70	1	4
478	38.094	38.2254	C3	48	68	1	1
479	38.2112	38.3147	G2	43	61	1	2
480	38.3431	38.5179	C2	36	49	1	5
481	38.5037	38.636	G2	43	66	1	2
482	38.6219	38.7542	C3	48	70	1	1
483	38.74	38.8821	D3	50	75	1	3
484	38.868	39.0096	Eb3	51	78	1	2
485	38.9954	39.1258	D3	50	76	1	3
486	39.1116	39.2425	C3	48	70	1	1
487	39.2283	39.3353	G2	43	47	1	2
488	39.3597	39.5052	C2	36	52	1	5
489	39.491	39.6219	G2	43	52	1	2
490	39.6077	39.7386	C3	48	71	1	1
491	39.7244	39.865	C5	72	57	0	1
492	39.7244	39.8504	C6	84	71	0	5
493	39.7244	39.865	D3	50	65	1	3
494	39.8509	40.2254	D5	74	57	0	1
495	39.8509	40.2108	D6	86	71	0	5
496	39.8509	39.9915	Eb3	51	65	1	2
497	39.9774	40.1082	D3	50	40	1	3
498	40.0941	40.2254	C3	48	55	1	1
499	40.2112	40.3387	Eb5	75	76	0	1
500	40.2112	40.3387	Eb6	87	90	0	5
501	40.2112	40.3148	G2	43	60	1	2
502	40.3431	41.3592	Eb5	75	111	0	1
503	40.3431	41.3592	Eb6	87	125	0	5
504	40.3431	40.5179	C2	36	65	1	5
505	40.5037	40.636	G2	43	37	1	2
506	40.6219	40.7542	C3	48	41	1	1
507	40.7401	40.8821	D3	50	44	1	4
508	40.868	41.0096	Eb3	51	47	1	3
509	40.9954	41.1258	G3	55	51	1	2
510	41.1116	41.2425	C4	60	54	1	1
511	41.2283	41.3738	D4	62	57	1	3
512	41.3597	41.5052	Eb4	63	86	1	2
513	41.491	41.6219	D4	62	55	1	3
514	41.6077	41.7386	C4	60	45	1	1
515	41.7244	41.8504	G4	67	57	0	1
516	41.7244	41.8504	C5	72	57	0	2
517	41.7244	41.8504	Eb5	75	57	0	3
518	41.7244	41.8504	G5	79	71	0	5
519	41.7244	41.8651	G3	55	65	1	2
520	41.8509	42.2108	G4	67	59	0	1
521	41.8509	42.2108	C5	72	59	0	2
522	41.8509	42.2108	Eb5	75	59	0	3
523	41.8509	42.2108	G5	79	69	0	5
524	41.8509	41.9915	Eb3	51	65	1	3
525	41.9774	42.1082	D3	50	68	1	4
526	42.0941	42.2254	C3	48	80	1	1
527	42.2113	42.3314	G4	67	81	0	1
528	42.2113	42.3387	C5	72	81	0	2
529	42.2113	42.3387	Eb5	75	81	0	3
530	42.2113	42.3387	G5	79	95	0	5
531	42.2113	42.3148	G2	43	88	1	2
532	42.3431	43.3988	G#4	68	103	0	1
533	42.3431	43.5706	C5	72	103	0	2
534	42.3431	43.5706	Eb5	75	103	0	3
535	42.3431	43.3592	G#5	80	117	0	5
536	42.3431	42.5179	C2	36	100	1	5
537	42.5037	42.6361	G2	43	65	1	2
538	42.6219	42.7542	C3	48	66	1	1
539	42.7401	42.8822	D3	50	72	1	3
540	42.868	43.0096	Eb3	51	77	1	2
541	42.9954	43.1258	D3	50	75	1	3
542	43.1116	43.2425	C3	48	69	1	1
543	43.2283	43.3353	G2	43	48	1	2
544	43.3597	43.5706	G4	67	52	0	1
545	43.3597	43.6073	G5	79	66	0	5
546	43.3597	43.5052	C2	36	53	1	5
547	43.491	43.6219	G2	43	53	1	2
548	43.6077	43.7386	C3	48	65	1	1
549	43.7244	43.8651	C5	72	57	0	1
550	43.7244	43.8504	C6	84	71	0	5
551	43.7244	43.8651	D3	50	65	1	3
552	43.8509	44.2254	D5	74	58	0	1
553	43.8509	44.2108	D6	86	72	0	5
554	43.8509	43.9915	Eb3	51	71	1	2
555	43.9774	44.1082	D3	50	75	1	3
556	44.0941	44.2254	C3	48	69	1	1
557	44.2113	44.3387	Eb5	75	59	0	1
558	44.2113	44.3387	Eb6	87	73	0	5
559	44.2113	44.3148	G2	43	48	1	2
560	44.3431	45.3592	Eb5	75	127	0	1
561	44.3431	45.3592	Eb6	87	96	0	5
562	44.3431	44.5179	C2	36	99	1	5
563	44.5037	44.6361	G2	43	65	1	2
564	44.6219	44.7542	C3	48	68	1	1
565	44.7401	44.8822	D3	50	71	1	4
566	44.868	45.0096	Eb3	51	73	1	3
567	44.9954	45.1258	G3	55	76	1	2
568	45.1117	45.2425	C4	60	79	1	1
569	45.2284	45.3739	D4	62	81	1	3
570	45.3597	45.5052	Eb4	63	82	1	2
571	45.4911	45.6219	D4	62	80	1	3
572	45.6078	45.7386	C4	60	72	1	1
573	45.7245	45.8504	G4	67	57	0	1
574	45.7245	45.8504	C5	72	57	0	2
575	45.7245	45.8504	Eb5	75	57	0	3
576	45.7245	45.8504	G5	79	71	0	5
577	45.7245	45.8651	G3	55	65	1	2
578	45.8509	46.2108	G4	67	59	0	1
579	45.8509	46.2108	C5	72	59	0	2
580	45.8509	46.2108	Eb5	75	59	0	3
581	45.8509	46.2108	G5	79	69	0	5
582	45.8509	45.9915	Eb3	51	65	1	3
583	45.9774	46.1082	D3	50	68	1	4
584	46.0941	46.2254	C3	48	81	1	1
585	46.2113	46.3314	G4	67	84	0	1
586	46.2113	46.3314	C5	72	84	0	2
587	46.2113	46.3387	Eb5	75	84	0	3
588	46.2113	46.3387	G5	79	98	0	5
589	46.2113	46.3148	G2	43	60	1	2
590	46.3431	48.3387	A4	69	127	0	1
591	46.3431	48.3387	Eb5	75	90	0	2
592	46.3431	48.3387	F5	77	90	0	3
593	46.3431	48.3387	A5	81	104	0	5
594	46.3431	46.5179	C2	36	105	1	5
595	46.5038	46.6361	F2	41	66	1	3
596	46.6219	46.7542	C3	48	70	1	1
597	46.7401	46.8822	D3	50	74	1	3
598	46.868	47.0096	Eb3	51	77	1	2
599	46.9955	47.1258	D3	50	75	1	3
600	47.1117	47.2425	C3	48	70	1	1
601	47.2284	47.3353	F2	41	48	1	5
602	47.3597	47.5052	C2	36	53	1	5
603	47.4911	47.6219	F2	41	53	1	5
604	47.6078	47.7386	C3	48	66	1	2
605	47.7245	47.8651	D3	50	73	1	1
606	47.8509	47.9916	Eb3	51	78	1	2
607	47.9774	48.1083	D3	50	76	1	1
608	48.0941	48.2254	C3	48	72	1	2
609	48.2113	48.3148	F2	41	63	1	4
610	48.3431	49.1112	Bb4	70	64	0	1
611	48.3431	49.1112	F5	77	64	0	3
612	48.3431	49.1112	Bb5	82	78	0	5
613	48.3431	48.5179	D2	38	65	1	5
614	48.5038	48.6361	Bb2	46	65	1	2
615	48.6219	48.7543	B2	47	65	1	1
616	48.7401	48.8822	Bb2	46	65	1	2
617	48.868	49.0096	Bb3	58	65	1	1
618	48.9955	49.1258	Bb2	46	65	1	2
619	49.1117	49.6073	Bb4	70	57	0	1
620	49.1117	49.6073	F5	77	68	0	3
621	49.1117	49.6073	Bb5	82	63	0	5
622	49.1117	49.2425	B2	47	65	1	1
623	49.2284	49.3353	Bb2	46	60	1	2
624	49.3597	49.5052	Eb2	39	65	1	5
625	49.4911	49.6219	Bb2	46	65	1	2
626	49.6078	50.0936	Bb4	70	58	0	1
627	49.6078	50.0936	G5	79	58	0	4
628	49.6078	50.0936	Bb5	82	72	0	5
629	49.6078	49.7386	B2	47	66	1	1
630	49.7245	49.8651	Bb2	46	67	1	2
631	49.8509	49.9916	Bb3	58	68	1	1
632	49.9774	50.1083	Bb2	46	69	1	2
633	50.0941	50.6068	B4	71	61	0	1
634	50.0941	50.6215	G5	79	61	0	3
635	50.0941	50.6215	B5	83	75	0	5
636	50.0941	50.2255	B2	47	70	1	1
637	50.2113	50.3148	Bb2	46	66	1	2
638	50.3431	50.5179	E2	40	72	1	5
639	50.5038	50.6361	Bb2	46	73	1	2
640	50.6219	51.1112	C5	72	63	0	1
641	50.6219	51.1112	G5	79	63	0	3
642	50.6219	51.1112	Bb5	82	63	0	4
643	50.6219	51.1112	C6	84	77	0	5
644	50.6219	50.7543	C3	48	74	1	1
645	50.7401	50.8822	Bb2	46	75	1	2
646	50.868	51.0096	Bb3	58	76	1	1
647	50.9955	51.1259	Bb2	46	77	1	3
648	51.1117	51.6073	C#5	73	66	0	1
649	51.1117	51.6073	Bb5	82	66	0	3
650	51.1117	51.6073	C#6	85	80	0	5
651	51.1117	51.2426	C3	48	78	1	2
652	51.2284	51.3353	Bb2	46	74	1	3
653	51.3597	51.5053	F2	41	80	1	5
654	51.4911	51.622	Bb2	46	81	1	3
655	51.6078	51.8358	D5	74	69	0	1
656	51.6078	51.8505	Bb5	82	69	0	3
657	51.6078	51.8505	D6	86	83	0	5
658	51.6078	51.7387	Bb3	58	82	1	1
659	51.7245	51.8265	Bb2	46	78	1	3
660	51.851	52.079	Eb5	75	70	0	1
661	51.851	52.0936	Bb5	82	70	0	3
662	51.851	52.0936	Eb6	87	84	0	5
663	51.851	51.9916	F#2	42	84	1	5
664	51.9774	52.1083	Bb2	46	85	1	3
665	52.0941	52.3241	E5	76	71	0	1
666	52.0941	52.3388	Bb5	82	71	0	2
667	52.0941	52.3388	E6	88	85	0	5
668	52.0941	52.2255	Bb3	58	86	1	1
669	52.2113	52.3148	Bb2	46	60	1	3
670	52.3431	53.3592	F5	77	127	0	1
671	52.3431	53.3592	Bb5	82	89	0	2
672	52.3431	53.3592	D6	86	89	0	4
673	52.3431	53.3592	F6	89	103	0	5
674	52.3431	52.518	F2	41	103	1	5
675	52.5038	52.6361	Bb2	46	65	1	3
676	52.622	52.7543	D3	50	68	1	2
677	52.7401	52.8822	F3	53	71	1	1
678	52.8681	53.0097	Bb3	58	74	1	3
679	52.9955	53.1259	D4	62	77	1	2
680	53.1117	53.3109	G4	67	80	1	1
681	53.289	53.3592	F4	65	79	1	2
682	53.3597	53.8485	D5	74	78	0	1
683	53.3597	53.8485	F5	77	78	0	2
684	53.3597	53.8485	Bb5	82	78	0	3
685	53.3597	53.8485	D6	86	92	0	5
686	53.3597	53.5047	F4	65	85	1	1
687	53.4906	53.6209	D4	62	83	1	2
688	53.6068	53.7371	Bb3	58	75	1	3
689	53.723	53.8631	G3	55	68	1	1
690	53.849	54.2221	D6	86	89	0	1
691	53.849	54.3349	Eb5	75	81	0	2
692	53.849	54.3349	F5	77	81	0	3
693	53.849	54.3349	A5	81	95	0	5
694	53.849	53.9891	F3	53	45	1	2
695	53.975	54.1053	Eb3	51	63	1	3
696	54.0912	54.2221	C3	48	52	1	4
697	54.208	54.3495	C6	84	69	0	4
698	54.208	54.3495	F2	41	42	1	5
699	54.3393	54.5095	D5	74	52	0	1
700	54.3393	54.4307	F5	77	52	0	3
701	54.3393	54.4307	Bb5	82	66	0	5
702	54.3393	54.4448	Bb1	34	31	1	5
703	54.4993	54.6311	C#3	49	36	1	2
704	54.617	54.7485	C3	48	36	1	1
705	54.7344	54.8753	B2	47	36	1	2
706	54.8613	55.0017	Bb2	46	36	1	3
707	54.9877	55.117	C3	48	36	1	1
708	55.1029	55.2327	B2	47	36	1	2
709	55.2187	55.363	Bb2	46	36	1	3
710	55.3489	55.4932	A2	45	36	1	4
711	55.4792	55.609	B2	47	36	1	2
712	55.5949	55.7247	Bb2	46	36	1	3
713	55.7107	55.8502	A2	45	36	1	1
714	55.8361	55.9756	G#2	44	36	1	3
715	55.9615	56.0913	Bb2	46	36	1	2
716	56.0773	56.2075	A2	45	36	1	1
717	56.1935	56.3344	G#2	44	36	1	2
718	56.3242	57.8133	B4	71	102	0	1
719	56.3242	57.8133	Eb5	75	102	0	2
720	56.3242	57.8133	G#5	80	102	0	4
721	56.3242	57.8133	B5	83	116	0	5
722	56.3242	56.4934	G#1	32	83	1	5
723	56.6	56.7308	G2	43	88	1	1
724	56.7168	56.8571	G#2	44	88	1	3
725	56.8431	56.983	B2	47	88	1	2
726	56.9691	57.0979	Eb3	51	88	1	1
727	57.0839	57.2131	Bb2	46	88	1	3
728	57.1992	57.3429	B2	47	88	1	5
729	57.3289	57.4727	Eb3	51	88	1	3
730	57.4587	57.588	G#3	56	88	1	1
731	57.574	57.7033	D3	50	88	1	4
732	57.6893	57.8277	Eb3	51	88	1	3
733	57.8138	58.1822	Eb4	63	80	0	1
734	57.8138	58.1822	G#4	68	80	0	2
735	57.8138	58.1678	B4	71	80	0	3
736	57.8138	58.1678	Eb5	75	94	0	5
737	57.8138	57.9521	G#3	56	88	1	2
738	57.9382	58.0669	B3	59	90	1	1
739	58.053	58.1822	G3	55	100	1	3
740	58.1682	58.2701	F4	65	98	0	1
741	58.1682	58.2936	F5	77	112	0	5
742	58.1682	58.308	G#3	56	109	1	2
743	58.2979	59.7793	F#4	66	127	0	1
744	58.2979	59.7793	Bb4	70	127	0	2
745	58.2979	59.7793	Eb5	75	127	0	4
746	58.2979	59.7793	F#5	78	127	0	5
747	58.2979	58.4021	Eb2	39	110	1	5
748	58.4559	58.5861	Eb4	63	88	1	1
749	58.5722	58.7023	F3	53	88	1	4
750	58.6884	58.8282	F#3	54	88	1	3
751	58.8143	58.9535	Bb3	58	88	1	2
752	58.9396	59.0679	Eb4	63	88	1	1
753	59.0539	59.1827	D3	50	88	1	5
754	59.1687	59.3119	Eb3	51	88	1	4
755	59.2979	59.4411	F#3	54	88	1	2
756	59.4271	59.5554	Bb3	58	88	1	1
757	59.5416	59.6698	A2	45	88	1	5
758	59.6559	59.7937	Bb2	46	88	1	4
759	59.7798	60.1468	F#4	66	80	0	1
760	59.7798	60.1325	F#5	78	94	0	5
761	59.7798	59.9176	Eb3	51	88	1	2
762	59.9038	60.032	F#3	54	90	1	1
763	60.0181	60.1468	F2	41	100	1	2
764	60.1329	60.2344	G#4	68	95	0	1
765	60.1329	60.2578	G#5	80	109	0	5
766	60.1329	60.2722	F#2	42	111	1	1
767	60.2621	61.7349	A4	69	126	0	1
768	60.2621	61.7349	C#5	73	126	0	2
769	60.2621	61.7349	F#5	78	126	0	4
770	60.2621	61.7349	A5	81	127	0	5
771	60.2621	60.4296	F#1	30	110	1	5
772	60.5353	60.665	F2	41	88	1	1
773	60.6511	60.7901	F#2	42	88	1	3
774	60.7763	60.9145	A2	45	88	1	2
775	60.9007	61.0279	C#3	49	88	1	1
776	61.014	61.1417	G#2	44	88	1	3
777	61.1279	61.2699	A2	45	88	1	5
778	61.2561	61.398	C#3	49	88	1	3
779	61.3842	61.5119	F#3	54	88	1	1
780	61.4981	61.6258	C3	48	88	1	4
781	61.6119	61.7492	C#3	49	88	1	3
782	61.7353	62.1008	C#4	61	80	0	1
783	61.7353	62.1008	F#4	66	80	0	2
784	61.7353	62.0865	A4	69	80	0	3
785	61.7353	62.0865	C#5	73	94	0	5
786	61.7353	61.8726	F#3	54	88	1	2
787	61.8587	61.9864	A3	57	90	1	1
788	61.9726	62.1008	F3	53	99	1	3
789	62.0869	62.1879	Eb4	63	95	0	1
790	62.0869	62.2113	Eb5	75	109	0	5
791	62.0869	62.2256	F#3	54	109	1	2
792	62.2156	63.6816	E4	64	126	0	1
793	62.2156	63.6816	G#4	68	126	0	2
794	62.2156	63.6816	C#5	73	126	0	4
795	62.2156	63.6816	E5	76	127	0	5
796	62.2156	62.319	C#2	37	108	1	5
797	62.3723	62.5012	C#4	61	88	1	1
798	62.4875	62.6161	Eb3	51	88	1	5
799	62.6023	62.7404	E3	52	88	1	4
800	62.7267	62.8643	G#3	56	88	1	2
801	62.8506	62.9773	C#4	61	88	1	1
802	62.9635	63.0907	C3	48	88	1	5
803	63.0769	63.2184	C#3	49	88	1	4
804	63.2046	63.346	E3	52	88	1	2
805	63.3323	63.4595	G#3	56	88	1	1
806	63.4457	63.5729	G2	43	88	1	5
807	63.5591	63.6958	G#2	44	88	1	4
808	63.6821	64.0448	E4	64	80	0	1
809	63.6821	64.0306	E5	76	94	0	5
810	63.6821	63.8184	C#3	49	88	1	2
811	63.8047	63.9314	E3	52	89	1	1
812	63.9177	64.0448	Eb2	39	93	1	5
813	64.0311	64.1313	F#4	66	94	0	1
814	64.0311	64.1544	F#5	78	108	0	5
815	64.0311	64.1686	E2	40	97	1	1
816	64.1587	65.6153	G#4	68	126	0	1
817	64.1587	65.6153	Eb5	75	126	0	2
818	64.1587	65.6153	F#5	78	126	0	4
819	64.1587	65.6153	G#5	80	127	0	5
820	64.1587	64.2612	C2	36	94	1	5
821	64.3142	64.4422	Eb4	63	99	1	1
822	64.4285	64.5566	G3	55	97	1	3
823	64.5429	64.6804	G#3	56	89	1	2
824	64.6667	64.8038	A3	57	77	1	1
825	64.7901	64.9162	G#3	56	87	1	2
826	64.9025	65.0291	F#3	54	82	1	3
827	65.0155	65.1558	E3	52	77	1	1
828	65.1421	65.2824	Eb3	51	72	1	2
829	65.2688	65.395	C#3	49	67	1	3
830	65.3813	65.5075	C3	48	62	1	1
831	65.4938	65.6294	A2	45	57	1	2
832	65.6158	65.9769	G#4	68	80	0	1
833	65.6158	65.9769	Eb5	75	80	0	2
834	65.6158	65.9628	F#5	78	80	0	4
835	65.6158	65.9628	G#5	80	94	0	5
836	65.6158	65.7514	G2	43	55	1	3
837	65.7377	65.8639	G#2	44	57	1	2
838	65.8502	65.9769	Eb2	39	62	1	5
839	65.9632	66.1002	Bb4	70	99	0	1
840	65.9632	66.0861	Bb5	82	113	0	5
841	65.9632	66.1002	G#2	44	67	1	2
842	66.0903	66.3888	B4	71	127	0	1
843	66.0903	66.3069	F5	77	99	0	3
844	66.0903	66.3069	G#5	80	99	0	4
845	66.0903	66.3069	B5	83	113	0	5
846	66.0903	66.1925	D2	38	127	1	5
847	66.2452	66.3728	F4	65	102	1	1
848	66.3592	66.4868	A3	57	67	1	3
849	66.4731	66.6101	Bb3	58	56	1	2
850	66.5965	67.5402	Bb4	70	102	0	1
851	66.5965	67.5402	F5	77	102	0	3
852	66.5965	67.5402	G#5	80	102	0	4
853	66.5965	67.5402	Bb5	82	116	0	5
854	66.5965	66.7329	B3	59	74	1	1
855	66.7193	66.8445	Bb3	58	54	1	2
856	66.8309	66.9565	G#3	56	50	1	3
857	66.9429	67.0827	F#3	54	46	1	1
858	67.0691	67.2088	F3	53	42	1	2
859	67.1952	67.3208	Eb3	51	38	1	3
860	67.3072	67.4329	D3	50	34	1	1
861	67.4193	67.5543	B2	47	30	1	2
862	67.5407	67.9003	Bb4	70	80	0	1
863	67.5407	67.9003	F5	77	80	0	3
864	67.5407	67.8862	G#5	80	80	0	4
865	67.5407	67.8862	Bb5	82	94	0	5
866	67.5407	67.6757	A2	45	62	1	3
867	67.6621	67.7878	Bb2	46	37	1	2
868	67.7742	67.9003	F2	41	69	1	4
869	67.8867	68.0229	C5	72	107	0	1
870	67.8867	68.0089	C6	84	121	0	5
871	67.8867	68.0229	Bb2	46	100	1	2
872	68.0131	68.3093	C#5	73	127	0	1
873	68.0131	68.228	G5	79	103	0	2
874	68.0131	68.228	Bb5	82	103	0	4
875	68.0131	68.228	C#6	85	117	0	5
876	68.0131	68.1145	E2	40	127	1	5
877	68.1668	68.2934	G4	67	127	1	1
878	68.2798	68.4064	B3	59	127	1	4
879	68.3929	68.5288	C4	60	127	1	3
880	68.5152	68.9851	C5	72	127	0	1
881	68.5152	68.9851	G5	79	127	0	2
882	68.5152	68.9851	Bb5	82	127	0	3
883	68.5152	68.9851	C6	84	127	0	5
884	68.5152	68.6507	C#4	61	127	1	2
885	68.6371	68.7619	C4	60	127	1	1
886	68.7483	68.8735	Bb3	58	127	1	2
887	68.8599	68.9991	G#3	56	127	1	3
888	68.9856	69.1248	G3	55	127	1	1
889	69.1112	69.2364	F3	53	127	1	2
890	69.2229	69.348	E3	52	127	1	3
891	69.3345	69.469	G3	55	127	1	1
892	69.4555	69.59	F3	53	127	1	2
893	69.5764	69.7014	E3	52	127	1	1
894	69.688	69.8131	C#3	49	127	1	2
895	69.7996	69.9349	C3	48	127	1	3
896	69.9252	70.0917	B2	47	127	1	4
897	70.0782	70.2042	C3	48	127	1	3
898	70.1907	70.3168	C#3	49	127	1	2
899	70.3033	70.4387	C3	48	127	1	1
900	70.4252	70.56	Bb2	46	127	1	2
901	70.5466	70.6707	G#2	44	127	1	3
902	70.6573	70.7819	G2	43	127	1	4
903	70.7684	70.907	F2	41	127	1	1
904	70.8935	71.0317	E2	40	127	1	2
905	71.0183	71.1425	C#2	37	127	1	3
906	71.129	71.2532	C2	36	127	1	1
907	71.2398	71.3732	B1	35	127	1	2
908	71.3598	71.4933	C2	36	127	1	1
909	71.4798	71.604	Bb1	34	127	1	2
910	71.5906	71.7152	G#1	32	127	1	3
911	71.7018	71.8	G1	31	127	1	4
912	71.8269	72.8278	G#5	80	93	0	1
913	71.8269	72.7904	C6	84	93	0	2
914	71.8269	72.7904	F6	89	93	0	4
915	71.8269	72.7904	G#6	92	107	0	5
916	71.8269	71.9928	F1	29	101	1	5
917	71.9794	72.1049	C2	36	101	1	2
918	72.0915	72.2171	F2	41	101	1	1
919	72.2036	72.3385	G2	43	101	1	4
920	72.3251	72.4594	G#2	44	101	1	3
921	72.446	72.5697	C3	48	101	1	2
922	72.5563	72.6801	F3	53	101	1	1
923	72.6667	72.8042	G3	55	101	1	4
924	72.7909	73.2546	F5	77	93	0	1
925	72.7909	73.2551	C6	84	93	0	2
926	72.7909	73.2546	F6	89	107	0	5
927	72.7909	72.9284	G#3	56	101	1	3
928	72.915	73.0387	C4	60	101	1	2
929	73.0253	73.149	F4	65	105	1	1
930	73.1356	73.2685	G4	67	108	1	3
931	73.2551	73.6944	C5	72	109	0	1
932	73.2551	73.7161	F5	77	109	0	2
933	73.2551	73.2731	C6	84	123	0	5
934	73.2551	73.388	G#4	68	110	1	2
935	73.3746	73.4983	G4	67	109	1	3
936	73.4849	73.609	F4	65	105	1	1
937	73.5957	73.7299	C4	60	102	1	3
938	73.7203	74.7143	Bb4	70	127	0	1
939	73.7203	75.1177	F5	77	127	0	3
940	73.7203	74.6771	Bb5	82	127	0	5
941	73.7203	73.8853	C#4	61	101	1	2
942	73.8719	73.9965	F4	65	101	1	1
943	73.9831	74.1077	C#4	61	101	1	2
944	74.0944	74.2281	G#3	56	101	1	3
945	74.2148	74.348	F3	53	101	1	1
946	74.3347	74.4574	C#3	49	101	1	2
947	74.4441	74.5672	G#2	44	101	1	3
948	74.5539	74.6909	F2	41	101	1	1
949	74.6775	75.1177	G#4	68	109	0	1
950	74.6775	75.1392	G#5	80	123	0	5
951	74.6775	74.8145	C#2	37	101	1	2
952	74.8012	74.9243	G#1	32	101	1	4
953	74.911	75.0342	C#2	37	101	1	2
954	75.0208	75.1529	F2	41	101	1	1
955	75.1396	75.2715	C#2	37	101	1	2
956	75.2582	75.3809	G#1	32	101	1	4
957	75.3677	75.4908	C#2	37	101	1	2
958	75.4775	75.5746	F2	41	96	1	1
959	75.6012	76.5911	G#5	80	93	0	1
960	75.6012	76.554	C6	84	93	0	2
961	75.6012	76.554	F6	89	93	0	4
962	75.6012	76.554	G#6	92	107	0	5
963	75.6012	75.7651	F1	29	101	1	5
964	75.7518	75.8759	C2	36	101	1	2
965	75.8626	75.9867	F2	41	101	1	1
966	75.9734	76.1067	G2	43	101	1	4
967	76.0934	76.2262	G#2	44	101	1	3
968	76.2129	76.3351	C3	48	101	1	2
969	76.3219	76.4446	F3	53	101	1	1
970	76.4313	76.5678	G3	55	101	1	4
971	76.5545	77.0135	F5	77	93	0	1
972	76.5545	77.0139	C6	84	93	0	2
973	76.5545	77.0135	F6	89	107	0	5
974	76.5545	76.6909	G#3	56	101	1	3
975	76.6776	76.8001	C4	60	101	1	2
976	76.7868	76.909	F4	65	101	1	1
977	76.8958	77.0271	G4	67	101	1	3
978	77.0139	77.4695	C5	72	88	0	1
979	77.0139	77.4695	F5	77	88	0	2
980	77.0139	77.0317	C6	84	102	0	5
981	77.0139	77.1453	G#4	68	101	1	2
982	77.132	77.2542	G4	67	101	1	3
983	77.241	77.3637	F4	65	101	1	1
984	77.3504	77.4831	C4	60	101	1	3
985	77.4736	78.8779	C5	72	118	0	1
986	77.4736	78.8779	F5	77	118	0	2
987	77.4736	78.8779	C6	84	127	0	5
988	77.4736	77.6368	D4	62	101	1	2
989	77.6236	77.7472	F4	65	101	1	1
990	77.7339	77.8575	D4	62	101	1	2
991	77.8443	77.9769	C4	60	101	1	3
992	77.9638	78.0955	G#3	56	101	1	4
993	78.0823	78.2037	F3	53	101	1	1
994	78.1905	78.3122	D3	50	101	1	2
995	78.2991	78.4345	C3	48	101	1	3
996	78.4213	78.5567	G#2	44	101	1	4
997	78.5435	78.6653	F2	41	101	1	1
998	78.6521	78.7738	D2	38	101	1	2
999	78.7607	78.8915	C2	36	101	1	3
1000	78.8783	79.2268	B4	71	93	0	1
1001	78.8783	79.2268	F5	77	93	0	2
1002	78.8783	79.2132	B5	83	107	0	5
1003	78.8783	79.0092	G#1	32	101	1	5
1004	78.996	79.1178	C2	36	102	1	3
1005	79.1046	79.2268	D2	38	109	1	2
1006	79.2137	79.31	C5	72	102	0	1
1007	79.2137	79.3322	C6	84	116	0	5
1008	79.2137	79.31	G#2	44	110	1	1
1009	79.3363	80.279	D5	74	125	0	1
1010	79.3363	80.279	F5	77	125	0	2
1011	79.3363	80.279	B5	83	125	0	4
1012	79.3363	80.279	D6	86	127	0	5
1013	79.3363	79.4558	G1	31	100	1	5
1014	79.3363	79.4558	G2	43	114	1	1
1015	79.5958	79.7184	G#4	68	126	1	2
1016	79.7053	79.8369	G4	67	101	1	1
1017	79.8238	79.955	F4	65	126	1	2
1018	79.9419	80.0627	D4	62	101	1	4
1019	80.0496	80.1709	Eb4	63	101	1	3
1020	80.1578	80.2926	D4	62	101	1	1
1021	80.2795	80.4143	B3	59	126	1	2
1022	80.4012	80.5225	G3	55	101	1	4
1023	80.5093	80.6306	G#3	56	101	1	3
1024	80.6175	80.7478	G3	55	101	1	1
1025	80.7347	80.8648	F3	53	126	1	2
1026	80.8518	80.9726	D3	50	101	1	4
1027	80.9595	81.0808	Eb3	51	101	1	3
1028	81.0677	81.1989	D3	50	101	1	1
1029	81.1895	81.3509	B2	47	126	1	2
1030	81.3378	81.46	G2	43	101	1	4
1031	81.4469	81.5691	G#2	44	101	1	3
1032	81.556	81.6872	G2	43	101	1	1
1033	81.6741	81.8049	F2	41	126	1	2
1034	81.7918	81.9122	D2	38	101	1	4
1035	81.8991	82.0199	Eb2	39	101	1	3
1036	82.0069	82.1412	D2	38	101	1	1
1037	82.1282	82.2625	C2	36	126	1	2
1038	82.2494	82.3703	G1	31	101	1	5
1039	82.3572	82.4779	C2	36	101	1	2
1040	82.4649	82.5942	G1	31	101	1	5
1041	82.5812	82.9256	G#4	68	93	0	1
1042	82.5812	82.9256	Eb5	75	93	0	2
1043	82.5812	82.9121	F5	77	93	0	4
1044	82.5812	82.9121	G#5	80	107	0	5
1045	82.5812	82.7105	C2	36	126	1	2
1046	82.6975	82.8178	G1	31	100	1	5
1047	82.8048	82.9256	C2	36	96	1	2
1048	82.9126	83.0078	G4	67	79	0	1
1049	82.9126	83.0298	G5	79	93	0	5
1050	82.9126	83.0432	G1	31	92	1	5
1051	83.0338	83.9671	F5	77	109	0	1
1052	83.0338	83.9671	G5	79	109	0	2
1053	83.0338	83.9671	D6	86	109	0	3
1054	83.0338	83.9671	F6	89	123	0	5
1055	83.0338	83.191	B1	35	83	1	3
1056	83.2902	83.4119	G#4	68	110	1	2
1057	83.3989	83.5295	G4	67	88	1	1
1058	83.5165	83.6467	F4	65	110	1	2
1059	83.6337	83.7533	D4	62	88	1	4
1060	83.7403	83.8602	Eb4	63	88	1	3
1061	83.8472	83.9806	D4	62	88	1	1
1062	83.9676	84.1009	B3	59	110	1	2
1063	84.088	84.2079	G3	55	88	1	4
1064	84.1949	84.3148	G#3	56	88	1	3
1065	84.3018	84.4307	G3	55	88	1	1
1066	84.4177	84.5466	F3	53	110	1	2
1067	84.5336	84.6535	D3	50	88	1	4
1068	84.6405	84.7609	Eb3	51	88	1	3
1069	84.7479	84.8781	D3	50	88	1	1
1070	84.8687	85.0283	B2	47	110	1	2
1071	85.0153	85.1361	G2	43	88	1	4
1072	85.1232	85.2439	G#2	44	88	1	3
1073	85.231	85.3607	G2	43	88	1	1
1074	85.3478	85.477	F2	41	110	1	2
1075	85.4641	85.5831	D2	38	88	1	4
1076	85.5702	85.6896	Eb2	39	88	1	3
1077	85.6767	85.8095	D2	38	88	1	1
1078	85.7965	85.9293	C2	36	110	1	2
1079	85.9164	86.0358	G1	31	88	1	5
1080	86.0229	86.1423	C2	36	88	1	2
1081	86.1294	86.2578	G1	31	88	1	5
1082	86.2448	86.5863	G#4	68	80	0	1
1083	86.2448	86.5863	Eb5	75	80	0	2
1084	86.2448	86.5729	F5	77	80	0	4
1085	86.2448	86.5729	G#5	80	94	0	5
1086	86.2448	86.3732	C2	36	110	1	2
1087	86.3603	86.4797	G1	31	85	1	5
1088	86.4668	86.5863	C2	36	72	1	2
1089	86.5734	86.6675	G4	67	75	0	1
1090	86.5734	86.6893	G5	79	89	0	5
1091	86.5734	86.7026	G1	31	59	1	5
1092	86.6933	86.8101	F5	77	87	0	1
1093	86.6933	86.7967	G5	79	87	0	2
1094	86.6933	86.8101	D6	86	87	0	3
1095	86.6933	86.8101	G6	91	101	0	5
1096	86.6933	86.8487	B1	35	83	1	3
1097	86.9468	87.0472	G#6	92	110	0	4
1098	86.9468	87.0672	G#5	80	110	1	2
1099	87.0543	87.1635	G6	91	88	0	3
1100	87.0543	87.1835	G5	79	88	1	1
1101	87.1706	87.2794	F6	89	112	0	2
1102	87.1706	87.2994	F5	77	110	1	2
1103	87.2865	87.3851	D6	86	88	0	1
1104	87.2865	87.4051	D5	74	88	1	4
1105	87.3922	87.4912	Eb6	87	88	0	4
1106	87.3922	87.5112	Eb5	75	88	1	3
1107	87.4983	87.6107	D6	86	88	0	3
1108	87.4983	87.6307	D5	74	88	1	1
1109	87.6178	87.7299	B5	83	114	0	2
1110	87.6178	87.7498	B4	71	110	1	2
1111	87.737	87.8356	G5	79	88	0	1
1112	87.737	87.8555	G4	67	88	1	4
1113	87.8427	87.9413	G#5	80	88	0	4
1114	87.8427	87.9612	G#4	68	88	1	3
1115	87.9484	88.0559	G5	79	88	0	3
1116	87.9484	88.0758	G4	67	88	1	1
1117	88.063	88.1704	F5	77	112	0	2
1118	88.063	88.1903	F4	65	110	1	2
1119	88.1775	88.2761	D5	74	88	0	1
1120	88.1775	88.296	D4	62	88	1	4
1121	88.2832	88.3823	Eb5	75	88	0	4
1122	88.2832	88.4022	Eb4	63	88	1	3
1123	88.3894	88.4982	D5	74	88	0	3
1124	88.3894	88.5181	D4	62	88	1	1
1125	88.5088	88.6472	B4	71	117	0	2
1126	88.5088	88.6671	B3	59	110	1	2
1127	88.6543	88.7542	G4	67	88	0	1
1128	88.6543	88.7741	G3	55	88	1	4
1129	88.7613	88.8613	G#4	68	88	0	4
1130	88.7613	88.8812	G#3	56	88	1	3
1131	88.8684	88.9772	G4	67	88	0	3
1132	88.8684	88.9971	G3	55	88	1	1
1133	88.9842	89.0926	F4	65	112	0	2
1134	88.9842	89.1125	F3	53	110	1	2
1135	89.0997	89.1979	D4	62	88	0	1
1136	89.0997	89.2178	D3	50	88	1	4
1137	89.2049	89.3034	Eb4	63	88	0	4
1138	89.2049	89.3233	Eb3	51	88	1	3
1139	89.3105	89.422	D4	62	88	0	3
1140	89.3105	89.4418	D3	50	88	1	1
1141	89.4291	89.5604	B3	59	110	0	2
1142	89.4291	89.5604	B2	47	110	1	2
1143	89.5476	89.6657	G3	55	88	0	1
1144	89.5476	89.6657	G2	43	88	1	4
1145	89.6529	89.7711	G#3	56	88	0	4
1146	89.6529	89.7711	G#2	44	88	1	3
1147	89.7583	89.8852	G3	55	88	0	3
1148	89.7583	89.8852	G2	43	88	1	1
1149	89.8724	89.9993	F3	53	110	0	2
1150	89.8724	89.9993	F2	41	110	1	2
1151	89.9866	90.1047	D3	50	88	0	1
1152	89.9866	90.1047	D2	38	88	1	3
1153	90.0919	90.2105	Eb3	51	88	0	4
1154	90.0919	90.2105	Eb2	39	88	1	2
1155	90.1977	90.3259	D3	50	88	0	3
1156	90.1977	90.3259	D2	38	88	1	3
1157	90.3167	90.4744	C3	48	88	0	2
1158	90.3167	90.4612	C2	36	88	1	4
1159	90.4617	90.5609	B2	47	88	0	1
1160	90.4617	90.546	B1	35	83	1	5
1161	90.5679	90.6869	G3	55	88	0	5
1162	90.5679	90.6869	G2	43	88	1	1
1163	90.6741	90.8019	F3	53	88	0	4
1164	90.6741	90.8019	F2	41	88	1	1
1165	90.7891	90.9165	Eb3	51	88	0	3
1166	90.7891	90.9165	Eb2	39	88	1	2
1167	90.9037	91.0209	D3	50	88	0	2
1168	90.9037	91.0209	D2	38	88	1	3
1169	91.0082	91.1258	Eb3	51	88	0	3
1170	91.0082	91.1258	Eb2	39	88	1	2
1171	91.1131	91.2439	D3	50	88	0	2
1172	91.1131	91.2439	D2	38	88	1	3
1173	91.2312	91.362	C3	48	55	0	1
1174	91.2312	91.3488	C2	36	55	1	4
1175	91.3493	91.4323	B2	47	53	0	1
1176	91.3493	91.4323	B1	35	53	1	5
1177	91.4542	91.5521	Bb3	58	61	0	5
1178	91.4542	91.5719	Bb2	46	61	1	1
1179	91.5591	91.6658	G#3	56	64	0	4
1180	91.5591	91.6855	G#2	44	64	1	2
1181	91.6728	91.7795	G3	55	67	0	3
1182	91.6728	91.7992	G2	43	67	1	1
1183	91.7865	91.8844	F3	53	70	0	2
1184	91.7865	91.9042	F2	41	70	1	2
1185	91.8914	91.9898	G3	55	73	0	3
1186	91.8914	92.0095	G2	43	73	1	1
1187	91.9968	92.1046	F3	53	88	0	2
1188	91.9968	92.1242	F2	41	88	1	2
1189	92.1151	92.252	Eb3	51	95	0	1
1190	92.1151	92.2717	Eb2	39	88	1	3
1191	92.259	92.3578	D3	50	88	0	1
1192	92.259	92.343	D2	38	52	1	1
1193	92.3648	92.4637	Eb4	63	91	0	5
1194	92.3648	92.4834	Eb3	51	62	1	2
1195	92.4707	92.5783	D4	62	95	0	5
1196	92.4707	92.598	D3	50	67	1	3
1197	92.5853	92.6925	C4	60	104	0	4
1198	92.5853	92.6991	C3	48	102	1	1
1199	92.6995	92.7966	B3	59	69	0	3
1200	92.6995	92.8032	B2	47	69	1	2
1201	92.8036	92.9012	C4	60	68	0	4
1202	92.8036	92.9077	C3	48	68	1	1
1203	92.9082	93.0188	B3	59	67	0	3
1204	92.9082	93.0385	B2	47	67	1	2
1205	93.0258	93.1365	G#3	56	65	0	2
1206	93.0258	93.1562	G#2	44	65	1	3
1207	93.1435	93.241	G3	55	64	0	1
1208	93.1435	93.2606	G2	43	64	1	4
1209	93.248	93.3451	G#3	56	63	0	2
1210	93.248	93.3647	G#2	44	63	1	3
1211	93.3521	93.458	G3	55	62	0	1
1212	93.3521	93.4776	G2	43	62	1	1
1213	93.465	93.5708	F3	53	60	0	3
1214	93.465	93.5904	F2	41	60	1	2
1215	93.5778	93.675	Eb3	51	59	0	2
1216	93.5778	93.6946	Eb2	39	59	1	3
1217	93.6819	93.7796	F3	53	58	0	3
1218	93.6819	93.7992	F2	41	58	1	2
1219	93.7865	93.8937	Eb3	51	56	0	2
1220	93.7865	93.8789	Eb2	39	51	1	3
1221	93.9042	94.1395	C3	48	81	0	1
1222	93.9042	94.0602	C2	36	74	1	5
1223	94.0475	94.1656	G2	43	74	1	2
1224	94.153	94.2711	C3	48	56	1	1
1225	94.2584	94.3852	D3	50	59	1	4
1226	94.3726	94.4986	Eb3	51	61	1	3
1227	94.486	94.6019	G3	55	64	1	2
1228	94.5893	94.7056	C4	60	67	1	1
1229	94.693	94.8224	D4	62	69	1	3
1230	94.8098	94.9391	Eb4	63	102	1	2
1231	94.9265	95.0428	D4	62	69	1	3
1232	95.0303	95.1466	C4	60	67	1	1
1233	95.134	95.259	G3	55	64	1	2
1234	95.2464	95.3714	Eb3	51	62	1	3
1235	95.3588	95.4751	D3	50	60	1	4
1236	95.4626	95.5793	C3	48	58	1	1
1237	95.5667	95.6587	G2	43	51	1	2
1238	95.6839	95.8393	C2	36	74	1	5
1239	95.8267	95.9443	G2	43	57	1	2
1240	95.9317	96.0491	C3	48	62	1	1
1241	96.0365	96.1624	D3	50	68	1	3
1242	96.1499	96.2753	Eb3	51	103	1	2
1243	96.2627	96.3782	D3	50	69	1	3
1244	96.3657	96.4816	C3	48	62	1	1
1245	96.4691	96.5638	G2	43	68	1	2
1246	96.5854	96.7143	C2	36	73	1	5
1247	96.7018	96.8177	G2	43	73	1	2
1248	96.8051	96.9211	C3	48	62	1	1
1249	96.9085	97.0331	C5	72	80	0	1
1250	96.9085	97.0201	C6	84	94	0	5
1251	96.9085	97.0331	D3	50	88	1	3
1252	97.0205	97.1838	C#5	73	80	0	1
1253	97.0205	97.1666	C#6	85	94	0	5
1254	97.0205	97.1451	Eb3	51	88	1	2
1255	97.1326	97.248	D3	50	112	1	3
1256	97.167	97.3997	D5	74	85	0	1
1257	97.167	97.3734	D6	86	99	0	5
1258	97.2356	97.3514	C3	48	106	1	1
1259	97.339	97.4303	G2	43	83	1	2
1260	97.3739	97.4514	Eb5	75	98	0	1
1261	97.3739	97.4514	Eb6	87	112	0	5
1262	97.4553	98.3519	Eb5	75	127	0	1
1263	97.4553	98.3519	Eb6	87	127	0	5
1264	97.4553	97.6095	C2	36	88	1	5
1265	97.597	97.7138	G2	43	99	1	2
1266	97.7013	97.8181	C3	48	101	1	1
1267	97.8056	97.9309	D3	50	103	1	4
1268	97.9184	98.0434	Eb3	51	104	1	3
1269	98.0309	98.1459	G3	55	106	1	2
1270	98.1334	98.2489	C4	60	108	1	1
1271	98.2364	98.3648	D4	62	110	1	3
1272	98.3523	98.4807	Eb4	63	100	1	2
1273	98.4682	98.5837	D4	62	105	1	3
1274	98.5712	98.6866	C4	60	85	1	1
1275	98.6742	98.785	G4	67	57	0	1
1276	98.6742	98.785	C5	72	57	0	2
1277	98.6742	98.785	Eb5	75	57	0	3
1278	98.6742	98.785	G5	79	71	0	5
1279	98.6742	98.7979	G3	55	65	1	2
1280	98.7854	99.1019	G4	67	58	0	1
1281	98.7854	99.1019	C5	72	58	0	2
1282	98.7854	99.1019	Eb5	75	58	0	3
1283	98.7854	99.1019	G5	79	68	0	5
1284	98.7854	98.9091	Eb3	51	67	1	3
1285	98.8966	99.0117	D3	50	75	1	4
1286	98.9992	99.1147	C3	48	83	1	1
1287	99.1023	99.2079	G4	67	76	0	1
1288	99.1023	99.2144	C5	72	76	0	2
1289	99.1023	99.2144	Eb5	75	76	0	3
1290	99.1023	99.2144	G5	79	90	0	5
1291	99.1023	99.1933	G2	43	60	1	2
1292	99.2182	100.145	G#4	68	96	0	1
1293	99.2182	100.173	C5	72	96	0	2
1294	99.2182	100.173	Eb5	75	96	0	3
1295	99.2182	100.111	G#5	80	110	0	5
1296	99.2182	99.3719	C2	36	65	1	5
1297	99.3595	99.4758	G2	43	66	1	2
1298	99.4634	99.5798	C3	48	70	1	1
1299	99.5673	99.6922	D3	50	75	1	3
1300	99.6798	99.8043	Eb3	51	78	1	2
1301	99.7919	99.9063	D3	50	77	1	3
1302	99.8939	100.009	C3	48	74	1	1
1303	99.9961	100.09	G2	43	66	1	2
1304	100.111	100.197	G4	67	75	0	1
1305	100.111	100.173	G5	79	89	0	5
1306	100.111	100.239	C2	36	68	1	5
1307	100.226	100.341	G2	43	65	1	2
1308	100.261	100.414	B4	71	80	0	1
1309	100.261	100.396	B5	83	94	0	5
1310	100.328	100.443	C3	48	89	1	1
1311	100.396	100.558	C5	72	80	0	1
1312	100.396	100.541	C6	84	94	0	5
1313	100.431	100.554	D3	50	95	1	3
1314	100.541	100.703	C#5	73	80	0	1
1315	100.541	100.686	C#6	85	94	0	5
1316	100.541	100.665	Eb3	51	99	1	2
1317	100.652	100.767	D3	50	90	1	3
1318	100.686	100.794	D5	74	79	0	1
1319	100.686	100.822	D6	86	93	0	5
1320	100.754	100.87	C3	48	98	1	1
1321	100.857	100.948	G2	43	83	1	2
1322	100.892	100.969	Eb5	75	101	0	1
1323	100.892	100.969	Eb6	87	115	0	5
1324	100.973	101.861	Eb5	75	127	0	1
1325	100.973	101.861	Eb6	87	127	0	5
1326	100.973	101.126	C2	36	88	1	5
1327	101.113	101.229	G2	43	88	1	2
1328	101.217	101.333	C3	48	90	1	1
1329	101.32	101.445	D3	50	91	1	4
1330	101.432	101.556	Eb3	51	93	1	3
1331	101.543	101.657	G3	55	95	1	2
1332	101.645	101.759	C4	60	97	1	1
1333	101.747	101.874	D4	62	98	1	3
1334	101.861	101.989	Eb4	63	99	1	2
1335	101.976	102.09	D4	62	95	1	3
1336	102.078	102.192	C4	60	80	1	1
1337	102.18	102.29	G4	67	57	0	1
1338	102.18	102.29	C5	72	57	0	2
1339	102.18	102.29	Eb5	75	57	0	3
1340	102.18	102.29	G5	79	71	0	5
1341	102.18	102.303	G3	55	65	1	2
1342	102.29	102.604	G4	67	59	0	1
1343	102.29	102.604	C5	72	59	0	2
1344	102.29	102.604	Eb5	75	59	0	3
1345	102.29	102.604	G5	79	69	0	5
1346	102.29	102.413	Eb3	51	67	1	3
1347	102.401	102.515	D3	50	75	1	4
1348	102.503	102.617	C3	48	83	1	1
1349	102.605	102.709	G4	67	87	0	1
1350	102.605	102.715	C5	72	87	0	2
1351	102.605	102.715	Eb5	75	87	0	3
1352	102.605	102.715	G5	79	101	0	5
1353	102.605	102.695	G2	43	86	1	2
1354	102.719	104.375	A4	69	127	0	1
1355	102.719	104.521	C5	72	108	0	2
1356	102.719	104.452	Eb5	75	108	0	3
1357	102.719	104.429	A5	81	122	0	5
1358	102.719	102.871	C2	36	127	1	5
1359	102.859	102.974	F#2	42	65	1	2
1360	102.962	103.077	C3	48	65	1	1
1361	103.065	103.188	D3	50	65	1	3
1362	103.176	103.299	Eb3	51	65	1	2
1363	103.287	103.4	D3	50	65	1	3
1364	103.388	103.501	C3	48	65	1	1
1365	103.489	103.582	F#2	42	60	1	2
1366	103.603	103.73	C2	36	65	1	5
1367	103.718	103.831	F#2	42	65	1	2
1368	103.819	103.932	C3	48	65	1	1
1369	103.92	104.042	D3	50	65	1	3
1370	104.029	104.151	Eb3	51	65	1	2
1371	104.139	104.252	D3	50	65	1	3
1372	104.24	104.354	C3	48	65	1	1
1373	104.342	104.431	F#2	42	60	1	2
1374	104.375	104.452	A4	69	52	0	1
1375	104.402	104.533	D5	74	52	0	2
1376	104.429	104.452	A5	81	52	0	5
1377	104.456	104.567	D6	86	66	0	5
1378	104.456	104.607	B1	35	65	1	5
1379	104.595	104.71	B2	47	67	1	1
1380	104.698	104.812	D3	50	79	1	4
1381	104.8	104.923	G3	55	90	1	2
1382	104.911	105.336	G4	67	75	0	1
1383	104.911	105.336	D5	74	75	0	2
1384	104.911	105.336	G5	79	89	0	5
1385	104.911	105.034	D4	62	97	1	1
1386	105.021	105.134	G3	55	65	1	2
1387	105.122	105.235	D3	50	65	1	4
1388	105.223	105.316	B2	47	60	1	1
1389	105.337	105.462	Bb1	34	65	1	5
1390	105.45	105.563	Bb2	46	65	1	1
1391	105.484	105.617	G4	67	57	0	1
1392	105.484	105.617	C#5	73	68	0	2
1393	105.484	105.617	G5	79	63	0	5
1394	105.551	105.664	C#3	49	65	1	4
1395	105.618	105.76	G4	67	57	0	1
1396	105.618	105.76	C#5	73	57	0	2
1397	105.618	105.76	G5	79	67	0	5
1398	105.652	105.773	G3	55	65	1	2
1399	105.761	105.92	G4	67	57	0	1
1400	105.761	105.903	C#5	73	57	0	2
1401	105.761	105.903	G5	79	71	0	5
1402	105.761	105.882	C#4	61	65	1	1
1403	105.87	105.983	G3	55	65	1	2
1404	105.904	106.01	G#4	68	52	0	1
1405	105.904	106.01	C#5	73	52	0	2
1406	105.904	106.037	G#5	80	66	0	5
1407	105.971	106.084	C#3	49	65	1	4
1408	106.072	106.161	Bb2	46	60	1	1
1409	106.106	106.182	G4	67	57	0	1
1410	106.106	106.178	C#5	73	57	0	2
1411	106.106	106.182	G5	79	71	0	5
1412	106.186	106.337	G4	67	57	0	1
1413	106.186	106.324	C5	72	57	0	2
1414	106.186	106.324	G5	79	71	0	5
1415	106.186	106.337	A1	33	65	1	5
1416	106.324	106.405	C5	72	52	0	1
1417	106.324	106.426	C6	84	66	0	5
1418	106.324	106.438	A2	45	65	1	1
1419	106.426	106.54	C3	48	65	1	4
1420	106.528	106.65	F3	53	65	1	2
1421	106.638	107.061	F4	65	75	0	1
1422	106.638	107.061	C5	72	75	0	2
1423	106.638	107.061	F5	77	89	0	5
1424	106.638	106.76	C4	60	65	1	1
1425	106.748	106.86	F3	53	65	1	2
1426	106.848	106.96	C3	48	65	1	4
1427	106.948	107.04	A2	45	60	1	1
1428	107.061	107.186	G#1	32	65	1	5
1429	107.174	107.287	G#2	44	65	1	1
1430	107.208	107.341	F4	65	57	0	1
1431	107.208	107.341	C5	72	57	0	2
1432	107.208	107.341	F5	77	67	0	5
1433	107.275	107.387	C3	48	65	1	4
1434	107.341	107.475	F4	65	57	0	1
1435	107.341	107.483	C5	72	57	0	2
1436	107.341	107.483	F5	77	71	0	5
1437	107.375	107.496	F3	53	65	1	2
1438	107.484	107.605	E4	64	57	0	1
1439	107.484	107.592	C5	72	57	0	2
1440	107.484	107.592	E5	76	71	0	4
1441	107.484	107.605	C4	60	65	1	1
1442	107.593	107.705	F4	65	62	0	1
1443	107.593	107.693	C5	72	62	0	2
1444	107.593	107.693	F5	77	76	0	5
1445	107.593	107.705	F3	53	65	1	2
1446	107.693	107.773	G4	67	78	0	1
1447	107.693	107.773	C5	72	78	0	2
1448	107.693	107.793	G5	79	92	0	5
1449	107.693	107.806	C3	48	65	1	4
1450	107.794	107.883	G#2	44	60	1	1
1451	107.846	107.9	F4	65	91	0	1
1452	107.846	107.903	C5	72	91	0	2
1453	107.846	107.903	F5	77	105	0	5
1454	107.907	108.1	E4	64	98	0	1
1455	107.907	108.1	C5	72	98	0	3
1456	107.907	108.1	E5	76	112	0	5
1457	107.907	108.057	G1	31	65	1	5
1458	108.045	108.158	G2	43	65	1	2
1459	108.146	108.26	C3	48	66	1	1
1460	108.247	108.369	B2	47	68	1	2
1461	108.357	109.507	Eb4	63	109	0	1
1462	108.357	109.507	Eb5	75	123	0	4
1463	108.357	109.616	C5	72	99	0	5
1464	108.357	108.479	C#3	49	70	1	1
1465	108.466	108.578	C3	48	71	1	2
1466	108.566	108.678	D3	50	73	1	1
1467	108.666	108.791	C#3	49	74	1	2
1468	108.779	108.903	Eb3	51	76	1	1
1469	108.891	109.003	D3	50	78	1	2
1470	108.991	109.103	E3	52	79	1	1
1471	109.091	109.211	Eb3	51	81	1	2
1472	109.199	109.319	F3	53	82	1	1
1473	109.307	109.419	E3	52	84	1	2
1474	109.407	109.519	F#3	54	85	1	1
1475	109.507	109.616	Eb4	63	91	0	1
1476	109.507	109.616	Eb5	75	101	0	5
1477	109.507	109.628	F3	53	87	1	2
1478	109.62	110.084	Eb4	63	91	0	1
1479	109.62	110.068	Eb5	75	105	0	3
1480	109.62	110.522	B4	71	115	0	5
1481	109.62	109.769	G3	55	89	1	1
1482	109.757	109.87	F#3	54	88	1	2
1483	109.858	109.971	G#3	56	86	1	1
1484	109.959	110.08	G3	55	83	1	2
1485	110.068	110.466	D4	62	86	0	1
1486	110.068	110.466	D5	74	100	0	4
1487	110.068	110.189	Bb3	58	81	1	1
1488	110.177	110.288	G#3	56	79	1	2
1489	110.276	110.388	G3	55	77	1	3
1490	110.376	110.5	F3	53	75	1	1
1491	110.488	110.612	Eb3	51	72	1	2
1492	110.6	110.711	D3	50	70	1	3
1493	110.699	110.811	C3	48	68	1	1
1494	110.799	110.918	B2	47	66	1	2
1495	110.906	111.026	G#2	44	41	1	3
1496	111.014	111.125	G2	43	41	1	1
1497	111.113	111.225	F2	41	41	1	2
1498	111.213	111.301	D2	38	36	1	4
1499	111.325	111.474	C2	36	41	1	5
1500	111.462	111.575	G2	43	65	1	2
1501	111.563	111.675	C3	48	67	1	1
1502	111.663	111.784	D3	50	69	1	4
1503	111.772	111.892	Eb3	51	72	1	3
1504	111.88	111.99	G3	55	74	1	2
1505	111.978	112.089	C4	60	76	1	1
1506	112.077	112.201	D4	62	78	1	3
1507	112.189	112.312	Eb4	63	79	1	2
1508	112.3	112.411	D4	62	78	1	3
1509	112.399	112.51	C4	60	76	1	1
1510	112.498	112.618	G3	55	74	1	2
1511	112.606	112.725	Eb3	51	72	1	3
1512	112.713	112.824	D3	50	70	1	4
1513	112.812	112.923	C3	48	68	1	1
1514	112.911	112.998	G2	43	61	1	2
1515	113.022	113.17	C2	36	51	1	5
1516	113.158	113.27	G2	43	66	1	2
1517	113.258	113.37	C3	48	70	1	1
1518	113.358	113.478	D3	50	75	1	3
1519	113.466	113.585	Eb3	51	78	1	2
1520	113.574	113.684	D3	50	77	1	3
1521	113.672	113.782	C3	48	74	1	1
1522	113.77	113.861	G2	43	66	1	2
1523	113.881	114.004	C2	36	68	1	5
1524	113.992	114.103	G2	43	65	1	2
1525	114.026	114.173	B4	71	80	0	1
1526	114.026	114.156	B5	83	94	0	5
1527	114.091	114.202	C3	48	88	1	1
1528	114.157	114.312	C5	72	80	0	1
1529	114.157	114.296	C6	84	94	0	5
1530	114.19	114.308	D3	50	88	1	3
1531	114.296	114.452	C#5	73	87	0	1
1532	114.296	114.435	C#6	85	101	0	5
1533	114.296	114.415	Eb3	51	90	1	2
1534	114.403	114.513	D3	50	111	1	3
1535	114.436	114.539	D5	74	89	0	1
1536	114.436	114.566	D6	86	103	0	5
1537	114.501	114.612	C3	48	105	1	1
1538	114.6	114.687	G2	43	83	1	2
1539	114.633	114.707	Eb5	75	106	0	1
1540	114.633	114.707	Eb6	87	120	0	5
1541	114.711	115.566	Eb5	75	127	0	1
1542	114.711	115.566	Eb6	87	127	0	5
1543	114.711	114.858	C2	36	88	1	5
1544	114.846	114.958	G2	43	98	1	2
1545	114.946	115.057	C3	48	99	1	1
1546	115.045	115.165	D3	50	101	1	4
1547	115.153	115.272	Eb3	51	103	1	3
1548	115.26	115.37	G3	55	104	1	2
1549	115.358	115.468	C4	60	106	1	1
1550	115.456	115.578	D4	62	107	1	3
1551	115.566	115.688	Eb4	63	98	1	2
1552	115.676	115.786	D4	62	103	1	3
1553	115.774	115.884	C4	60	84	1	1
1554	115.872	115.978	G4	67	57	0	1
1555	115.872	115.978	C5	72	57	0	2
1556	115.872	115.978	Eb5	75	57	0	3
1557	115.872	115.978	G5	79	71	0	5
1558	115.872	115.99	G3	55	65	1	2
1559	115.979	116.281	G4	67	58	0	1
1560	115.979	116.281	C5	72	58	0	2
1561	115.979	116.281	Eb5	75	58	0	3
1562	115.979	116.281	G5	79	68	0	5
1563	115.979	116.097	Eb3	51	67	1	3
1564	116.085	116.194	D3	50	77	1	4
1565	116.183	116.293	C3	48	86	1	1
1566	116.281	116.382	G4	67	77	0	1
1567	116.281	116.388	C5	72	77	0	2
1568	116.281	116.388	Eb5	75	77	0	3
1569	116.281	116.388	G5	79	91	0	5
1570	116.281	116.368	G2	43	91	1	2
1571	116.392	117.276	G#4	68	96	0	1
1572	116.392	117.302	C5	72	96	0	2
1573	116.392	117.302	Eb5	75	96	0	3
1574	116.392	117.243	G#5	80	110	0	5
1575	116.392	116.538	C2	36	101	1	5
1576	116.526	116.638	G2	43	65	1	2
1577	116.626	116.737	C3	48	66	1	1
1578	116.725	116.844	D3	50	73	1	3
1579	116.832	116.951	Eb3	51	78	1	2
1580	116.939	117.048	D3	50	76	1	3
1581	117.036	117.145	C3	48	72	1	1
1582	117.134	117.223	G2	43	63	1	2
1583	117.243	117.325	G4	67	75	0	1
1584	117.243	117.302	G5	79	89	0	5
1585	117.243	117.365	C2	36	88	1	5
1586	117.353	117.463	G2	43	88	1	2
1587	117.386	117.507	B4	71	80	0	1
1588	117.386	117.515	B5	83	94	0	5
1589	117.451	117.56	C3	48	88	1	1
1590	117.516	117.646	C5	72	85	0	1
1591	117.516	117.654	C6	84	99	0	5
1592	117.548	117.666	D3	50	92	1	3
1593	117.654	117.772	C#5	73	92	0	1
1594	117.654	117.759	C#6	85	106	0	5
1595	117.654	117.772	Eb3	51	95	1	2
1596	117.76	117.869	D5	74	98	0	1
1597	117.76	117.857	D6	86	112	0	5
1598	117.76	117.869	D3	50	96	1	3
1599	117.857	117.935	F5	77	98	0	1
1600	117.857	117.955	F6	89	112	0	5
1601	117.857	117.967	C3	48	91	1	1
1602	117.955	118.042	G2	43	73	1	2
1603	118.005	118.062	Eb5	75	104	0	1
1604	118.005	118.062	Eb6	87	118	0	5
1605	118.065	118.912	Eb5	75	127	0	1
1606	118.065	118.912	Eb6	87	127	0	5
1607	118.065	118.211	C2	36	78	1	5
1608	118.199	118.309	G2	43	88	1	2
1609	118.298	118.408	C3	48	90	1	1
1610	118.396	118.515	D3	50	92	1	4
1611	118.503	118.621	Eb3	51	94	1	3
1612	118.609	118.718	G3	55	96	1	2
1613	118.706	118.815	C4	60	97	1	1
1614	118.803	118.924	D4	62	99	1	3
1615	118.913	119.034	Eb4	63	100	1	2
1616	119.022	119.131	D4	62	96	1	3
1617	119.119	119.229	C4	60	80	1	1
1618	119.217	119.322	G4	67	57	0	1
1619	119.217	119.322	C5	72	57	0	2
1620	119.217	119.322	Eb5	75	57	0	3
1621	119.217	119.322	G5	79	71	0	5
1622	119.217	119.334	G3	55	65	1	2
1623	119.322	119.621	G4	67	59	0	1
1624	119.322	119.621	C5	72	59	0	2
1625	119.322	119.621	Eb5	75	59	0	3
1626	119.322	119.621	G5	79	69	0	5
1627	119.322	119.439	Eb3	51	67	1	3
1628	119.427	119.536	D3	50	77	1	4
1629	119.524	119.633	C3	48	87	1	1
1630	119.622	119.721	G4	67	57	0	1
1631	119.622	119.721	C5	72	57	0	2
1632	119.622	119.727	Eb5	75	57	0	3
1633	119.622	119.727	G5	79	71	0	5
1634	119.622	119.708	G2	43	60	1	2
1635	119.731	121.386	A4	69	116	0	1
1636	119.731	121.386	Eb5	75	73	0	2
1637	119.731	121.386	A5	81	87	0	5
1638	119.731	119.876	C2	36	108	1	5
1639	119.865	119.974	F#2	42	65	1	2
1640	119.963	120.073	C3	48	67	1	1
1641	120.061	120.179	D3	50	68	1	3
1642	120.167	120.285	Eb3	51	70	1	2
1643	120.273	120.381	D3	50	103	1	3
1644	120.369	120.478	C3	48	97	1	1
1645	120.466	120.555	F#2	42	60	1	2
1646	120.575	120.696	C2	36	90	1	5
1647	120.684	120.792	F#2	42	65	1	2
1648	120.78	120.889	C3	48	91	1	1
1649	120.877	120.994	D3	50	96	1	3
1650	120.982	121.098	Eb3	51	75	1	2
1651	121.086	121.195	D3	50	99	1	3
1652	121.183	121.292	C3	48	96	1	1
1653	121.28	121.366	F#2	42	87	1	2
1654	121.389	122.228	Bb4	70	118	0	1
1655	121.389	122.228	C#5	73	118	0	2
1656	121.389	122.228	Bb5	82	127	0	5
1657	121.389	121.534	C#2	37	101	1	5
1658	121.522	121.632	C#3	49	101	1	1
1659	121.62	121.729	F#3	54	105	1	3
1660	121.717	121.835	G#3	56	109	1	2
1661	121.823	121.94	Bb3	58	110	1	1
1662	121.928	122.036	G#3	56	109	1	2
1663	122.024	122.132	F#3	54	105	1	3
1664	122.12	122.208	C#3	49	97	1	5
1665	122.228	122.649	G#4	68	93	0	1
1666	122.228	122.633	Bb4	70	93	0	2
1667	122.228	122.261	C#5	73	93	0	3
1668	122.228	122.633	G#5	80	107	0	5
1669	122.228	122.348	C#2	37	92	1	5
1670	122.337	122.445	C#3	49	101	1	5
1671	122.433	122.541	F#3	54	105	1	3
1672	122.529	122.645	G#3	56	109	1	2
1673	122.634	122.943	F#4	66	93	0	1
1674	122.634	122.93	Bb4	70	93	0	2
1675	122.634	122.93	C#5	73	93	0	3
1676	122.634	122.93	F#5	78	107	0	5
1677	122.634	122.75	Bb3	58	110	1	1
1678	122.738	122.846	G#3	56	109	1	2
1679	122.834	122.943	F#3	54	105	1	3
1680	122.931	123.036	F4	65	88	0	1
1681	122.931	123.036	Bb4	70	88	0	2
1682	122.931	123.036	C#5	73	88	0	3
1683	122.931	123.036	F5	77	102	0	5
1684	122.931	123.016	C#3	49	97	1	5
1685	123.04	123.907	F4	65	118	0	1
1686	123.04	124.257	Bb4	70	118	0	2
1687	123.04	123.875	C#5	73	118	0	3
1688	123.04	123.875	F5	77	127	0	5
1689	123.04	123.183	C#2	37	92	1	5
1690	123.172	123.28	C#3	49	101	1	5
1691	123.269	123.378	G3	55	105	1	4
1692	123.366	123.483	Bb3	58	109	1	3
1693	123.471	123.588	C#4	61	110	1	2
1694	123.576	123.683	C4	60	109	1	1
1695	123.671	123.779	Bb3	58	107	1	2
1696	123.767	123.887	G#3	56	105	1	3
1697	123.875	124.257	E4	64	88	0	1
1698	123.875	124.278	E5	76	102	0	5
1699	123.875	123.995	G3	55	103	1	1
1700	123.983	124.091	F3	53	101	1	2
1701	124.079	124.187	E3	52	100	1	3
1702	124.175	124.29	C#3	49	98	1	4
1703	124.279	124.394	C3	48	96	1	1
1704	124.382	124.489	Bb2	46	94	1	2
1705	124.478	124.585	G#2	44	92	1	3
1706	124.574	124.659	G2	43	85	1	1
1707	124.682	125.514	G#4	68	80	0	1
1708	124.682	125.514	B4	71	80	0	2
1709	124.682	125.514	E5	76	80	0	4
1710	124.682	125.514	G#5	80	94	0	5
1711	124.682	124.825	B1	35	88	1	5
1712	124.813	124.922	B2	47	88	1	4
1713	124.91	125.019	E3	52	92	1	2
1714	125.007	125.123	F#3	54	95	1	1
1715	125.112	125.228	G#3	56	96	1	3
1716	125.216	125.323	F#3	54	93	1	1
1717	125.311	125.419	E3	52	90	1	2
1718	125.407	125.495	B2	47	83	1	4
1719	125.515	125.931	F#4	66	80	0	1
1720	125.515	125.916	G#4	68	80	0	2
1721	125.515	125.916	B4	71	80	0	3
1722	125.515	125.916	F#5	78	94	0	5
1723	125.515	125.634	B1	35	79	1	5
1724	125.622	125.729	B2	47	88	1	4
1725	125.717	125.824	E3	52	92	1	2
1726	125.813	125.927	F#3	54	95	1	1
1727	125.916	126.222	E4	64	80	0	1
1728	125.916	126.21	G#4	68	80	0	2
1729	125.916	126.21	B4	71	80	0	3
1730	125.916	126.21	E5	76	94	0	5
1731	125.916	126.031	G#3	56	98	1	3
1732	126.019	126.126	F#3	54	96	1	1
1733	126.114	126.222	E3	52	92	1	2
1734	126.21	126.314	Eb4	63	75	0	1
1735	126.21	126.314	G#4	68	75	0	2
1736	126.21	126.314	B4	71	75	0	3
1737	126.21	126.314	Eb5	75	89	0	5
1738	126.21	126.295	B2	47	83	1	5
1739	126.318	127.178	Eb4	63	102	0	1
1740	126.318	127.524	G#4	68	102	0	2
1741	126.318	127.146	B4	71	102	0	3
1742	126.318	127.146	Eb5	75	116	0	5
1743	126.318	126.461	B1	35	78	1	5
1744	126.449	126.557	B2	47	89	1	5
1745	126.546	126.654	F3	53	93	1	3
1746	126.642	126.758	G#3	56	97	1	2
1747	126.746	126.861	B3	59	98	1	1
1748	126.85	126.956	Bb3	58	95	1	2
1749	126.944	127.051	G#3	56	92	1	3
1750	127.039	127.158	F#3	54	89	1	4
1751	127.146	127.524	D4	62	75	0	1
1752	127.146	127.545	D5	74	89	0	5
1753	127.146	127.265	F3	53	88	1	1
1754	127.253	127.36	Eb3	51	85	1	2
1755	127.348	127.454	D3	50	82	1	3
1756	127.443	127.557	B2	47	79	1	1
1757	127.546	127.66	Bb2	46	76	1	2
1758	127.649	127.755	G#2	44	74	1	3
1759	127.744	127.851	F#2	42	71	1	1
1760	127.839	127.923	F2	41	63	1	2
1761	127.946	129.564	G4	67	121	0	1
1762	127.946	129.564	Eb5	75	73	0	3
1763	127.946	129.564	G5	79	87	0	5
1764	127.946	128.089	Bb1	34	109	1	5
1765	128.077	128.184	Bb2	46	66	1	1
1766	128.173	128.28	Eb3	51	71	1	3
1767	128.269	128.384	F3	53	76	1	2
1768	128.372	128.487	G3	55	79	1	1
1769	128.476	128.582	F3	53	77	1	2
1770	128.57	128.676	Eb3	51	71	1	3
1771	128.665	128.751	Bb2	46	60	1	5
1772	128.771	128.889	Bb1	34	51	1	5
1773	128.878	128.984	Bb2	46	66	1	5
1774	128.972	129.079	Eb3	51	71	1	3
1775	129.067	129.181	F3	53	76	1	2
1776	129.17	129.283	G3	55	79	1	1
1777	129.272	129.378	F3	53	77	1	2
1778	129.366	129.472	Eb3	51	71	1	3
1779	129.461	129.545	Bb2	46	60	1	1
1780	129.567	131.004	G5	79	81	0	1
1781	129.567	130.388	G4	67	72	0	2
1782	129.567	131.177	D5	74	65	0	5
1783	129.567	129.709	B1	35	51	1	5
1784	129.697	129.804	B2	47	66	1	1
1785	129.793	129.9	D3	50	70	1	4
1786	129.888	130.003	G3	55	75	1	2
1787	129.992	130.106	D4	62	77	1	1
1788	130.095	130.2	G3	55	75	1	2
1789	130.189	130.294	D3	50	70	1	3
1790	130.283	130.369	B2	47	60	1	5
1791	130.388	131.177	G4	67	85	0	1
1792	130.388	130.506	B1	35	53	1	5
1793	130.494	130.6	B2	47	66	1	5
1794	130.588	130.694	D3	50	71	1	4
1795	130.682	130.796	G3	55	75	1	2
1796	130.784	130.898	D4	62	78	1	1
1797	130.886	130.992	G3	55	76	1	2
1798	130.98	131.177	F5	77	60	0	5
1799	130.98	131.086	D3	50	72	1	4
1800	131.075	131.158	B2	47	63	1	1
1801	131.181	132.03	F5	77	65	0	1
1802	131.181	132.784	G4	67	57	0	2
1803	131.181	132.784	C5	72	71	0	5
1804	131.181	131.322	C2	36	65	1	5
1805	131.31	131.417	G2	43	65	1	2
1806	131.405	131.512	C3	48	67	1	1
1807	131.501	131.615	D3	50	70	1	4
1808	131.604	131.717	Eb3	51	72	1	3
1809	131.706	131.811	G3	55	75	1	2
1810	131.799	131.904	C4	60	77	1	1
1811	131.893	132.01	D4	62	79	1	3
1812	131.998	132.784	Eb5	75	60	0	4
1813	131.998	132.115	Eb4	63	80	1	2
1814	132.104	132.209	D4	62	79	1	3
1815	132.198	132.303	C4	60	77	1	1
1816	132.291	132.404	G3	55	75	1	2
1817	132.393	132.506	Eb3	51	72	1	3
1818	132.494	132.599	D3	50	70	1	4
1819	132.588	132.693	C3	48	68	1	1
1820	132.682	132.765	G2	43	61	1	2
1821	132.788	133.034	Eb5	75	65	0	1
1822	132.788	134.383	F4	65	57	0	2
1823	132.788	133.994	G#4	68	71	0	4
1824	132.788	132.927	F1	29	50	1	5
1825	132.916	133.022	C#2	37	65	1	4
1826	133.011	133.117	F5	77	65	0	5
1827	133.011	133.117	F2	41	67	1	2
1828	133.105	133.219	Eb5	75	65	0	4
1829	133.105	133.219	G2	43	70	1	1
1830	133.208	133.507	C#5	73	65	0	3
1831	133.208	133.321	G#2	44	72	1	3
1832	133.31	133.414	C#3	49	75	1	2
1833	133.402	133.507	F3	53	77	1	1
1834	133.496	133.612	Eb5	75	65	0	4
1835	133.496	133.612	G3	55	79	1	3
1836	133.601	134.009	F5	77	65	0	5
1837	133.601	133.717	G#3	56	80	1	2
1838	133.706	133.811	G3	55	79	1	3
1839	133.799	133.904	F3	53	77	1	1
1840	133.893	134.005	C#3	49	74	1	2
1841	133.994	134.361	G#4	68	60	0	2
1842	133.994	134.106	G#2	44	72	1	3
1843	134.095	134.199	F2	41	70	1	1
1844	134.188	134.293	C#2	37	68	1	2
1845	134.282	134.395	G#1	32	65	1	3
1846	134.387	137.562	Eb4	63	73	0	1
1847	134.387	137.562	C5	72	83	0	5
1848	134.387	134.523	G1	31	60	1	4
1849	134.609	134.715	E2	40	65	1	1
1850	134.703	134.817	Eb2	39	65	1	2
1851	134.805	134.918	F2	41	65	1	1
1852	134.907	135.011	E2	40	65	1	2
1853	135.0	135.104	F#2	42	65	1	1
1854	135.093	135.209	F2	41	65	1	2
1855	135.197	135.313	G2	43	65	1	1
1856	135.302	135.406	F#2	42	65	1	2
1857	135.394	135.498	G#2	44	65	1	1
1858	135.487	135.599	G2	43	65	1	2
1859	135.588	135.699	A2	45	65	1	1
1860	135.688	135.792	G#2	44	65	1	2
1861	135.781	135.885	Bb2	46	65	1	1
1862	135.874	135.987	A2	45	65	1	2
1863	135.979	136.118	B2	47	65	1	1
1864	136.106	136.212	Bb2	46	65	1	2
1865	136.2	136.306	C3	48	65	1	1
1866	136.294	136.407	B2	47	65	1	2
1867	136.396	136.509	C#3	49	65	1	1
1868	136.497	136.601	C3	48	65	1	2
1869	136.589	136.693	D3	50	65	1	1
1870	136.682	136.797	C#3	49	65	1	2
1871	136.786	136.901	Eb3	51	65	1	1
1872	136.89	136.994	D3	50	65	1	2
1873	136.983	137.086	E3	52	65	1	1
1874	137.075	137.186	Eb3	51	65	1	2
1875	137.175	137.287	F3	53	65	1	1
1876	137.275	137.379	E3	52	65	1	2
1877	137.368	137.472	F#3	54	65	1	1
1878	137.461	137.573	F3	53	65	1	2
1879	137.565	138.195	C5	72	65	0	1
1880	137.565	138.755	D4	62	57	0	2
1881	137.565	138.755	F4	65	71	0	5
1882	137.565	137.703	G3	55	65	1	1
1883	137.692	137.797	F#3	54	65	1	2
1884	137.785	137.89	G#3	56	65	1	1
1885	137.879	137.991	G3	55	64	1	2
1886	137.98	138.091	Bb3	58	64	1	1
1887	138.08	138.183	G#3	56	63	1	2
1888	138.172	138.391	B4	71	62	0	4
1889	138.172	138.275	G3	55	63	1	1
1890	138.264	138.379	F3	53	63	1	2
1891	138.368	138.733	D5	74	56	0	5
1892	138.368	138.483	Eb3	51	62	1	3
1893	138.472	138.575	D3	50	62	1	4
1894	138.564	138.667	F3	53	61	1	2
1895	138.656	138.766	Eb3	51	61	1	3
1896	138.755	138.866	G3	55	60	1	1
1897	138.855	138.958	F3	53	60	1	2
1898	138.947	139.05	Eb3	51	60	1	3
1899	139.039	139.151	D3	50	59	1	1
1900	139.143	139.28	C3	48	59	1	2
1901	139.269	139.373	B2	47	58	1	3
1902	139.362	139.466	D3	50	58	1	1
1903	139.455	139.567	C3	48	58	1	2
1904	139.556	139.667	B2	47	57	1	3
1905	139.656	139.759	G#2	44	57	1	4
1906	139.748	139.851	G2	43	56	1	1
1907	139.839	139.954	F#2	42	56	1	3
1908	139.943	140.057	G2	43	55	1	2
1909	140.046	140.149	G#2	44	55	1	1
1910	140.138	140.24	F2	41	55	1	2
1911	140.229	140.339	G2	43	54	1	1
1912	140.328	140.439	Eb2	39	54	1	3
1913	140.428	140.53	F2	41	53	1	2
1914	140.519	140.622	D2	38	53	1	4
1915	140.611	140.722	Eb2	39	53	1	3
1916	140.714	143.103	C5	72	46	0	1
1917	140.714	140.921	C4	60	46	0	5
1918	140.714	140.848	C2	36	47	1	5
1919	140.933	141.037	C#4	61	51	1	2
1920	141.026	141.137	C4	60	51	1	1
1921	141.126	141.237	Bb3	58	50	1	2
1922	141.226	141.328	G3	55	50	1	4
1923	141.316	141.419	G#3	56	50	1	3
1924	141.408	141.522	G3	55	49	1	1
1925	141.51	141.624	E3	52	49	1	2
1926	141.613	141.715	C3	48	48	1	4
1927	141.704	141.807	C#3	49	48	1	3
1928	141.796	141.906	C3	48	48	1	1
1929	141.895	142.005	Bb2	46	47	1	2
1930	141.993	142.096	G2	43	47	1	4
1931	142.085	142.187	G#2	44	46	1	3
1932	142.176	142.287	G2	43	46	1	1
1933	142.279	143.834	F4	65	9	0	2
1934	142.279	143.834	G#4	68	23	0	3
1935	142.279	142.416	F2	41	45	1	2
1936	142.405	142.508	C2	36	45	1	5
1937	142.497	142.6	F2	41	47	1	2
1938	142.589	142.7	C2	36	49	1	5
1939	142.689	142.799	F2	41	51	1	2
1940	142.788	142.89	C2	36	54	1	5
1941	142.879	142.981	F2	41	56	1	2
1942	142.97	143.083	C2	36	58	1	5
1943	143.072	143.865	D5	74	31	0	5
1944	143.072	143.186	F2	41	60	1	2
1945	143.175	143.277	C2	36	62	1	5
1946	143.266	143.367	F2	41	64	1	2
1947	143.356	143.466	C2	36	66	1	5
1948	143.455	143.564	F2	41	68	1	2
1949	143.553	143.655	C2	36	71	1	5
1950	143.644	143.746	F2	41	73	1	2
1951	143.735	143.845	C2	36	75	1	5
1952	143.837	145.364	E4	64	62	0	1
1953	143.837	145.364	G4	67	62	0	2
1954	143.837	145.386	E5	76	76	0	5
1955	143.837	143.97	C3	48	71	1	1
1956	144.054	144.157	C#4	61	76	1	2
1957	144.146	144.256	C4	60	75	1	1
1958	144.245	144.355	Bb3	58	73	1	2
1959	144.344	144.446	G3	55	70	1	4
1960	144.435	144.536	G#3	56	68	1	3
1961	144.525	144.638	G3	55	66	1	1
1962	144.627	144.74	E3	52	63	1	2
1963	144.729	144.831	C3	48	61	1	4
1964	144.82	144.921	C#3	49	58	1	3
1965	144.91	145.019	C3	48	56	1	1
1966	145.008	145.117	Bb2	46	54	1	2
1967	145.106	145.208	G2	43	51	1	4
1968	145.197	145.298	G#2	44	49	1	3
1969	145.287	145.397	G2	43	47	1	1
1970	145.389	146.546	C5	72	65	0	1
1971	145.389	146.175	G4	67	72	0	2
1972	145.389	146.931	C4	60	57	0	3
1973	145.389	146.931	G#4	68	71	0	5
1974	145.389	145.525	F2	41	65	1	2
1975	145.514	145.616	C2	36	65	1	5
1976	145.605	145.708	F2	41	69	1	2
1977	145.697	145.807	C2	36	73	1	5
1978	145.796	145.905	F2	41	76	1	2
1979	145.894	145.995	C2	36	80	1	5
1980	145.984	146.085	F2	41	84	1	2
1981	146.074	146.186	C2	36	88	1	5
1982	146.176	146.931	F4	65	82	0	2
1983	146.176	146.288	F2	41	91	1	2
1984	146.277	146.378	C2	36	95	1	5
1985	146.367	146.468	F2	41	99	1	2
1986	146.457	146.566	C2	36	102	1	5
1987	146.555	146.951	B4	71	83	0	4
1988	146.555	146.931	D5	74	97	0	5
1989	146.555	146.663	F2	41	106	1	2
1990	146.652	146.753	C2	36	110	1	5
1991	146.742	146.844	F2	41	113	1	2
1992	146.833	146.946	C2	36	117	1	5
1993	146.935	147.106	E4	64	88	0	1
1994	146.935	147.027	G4	67	88	0	2
1995	146.935	147.064	C5	72	88	0	3
1996	146.935	147.064	E5	76	102	0	5
1997	146.935	147.106	C3	48	96	1	1
1998	147.214	147.325	G#6	92	101	0	4
1999	147.214	147.347	G#5	80	101	1	2
2000	147.332	147.452	G6	91	101	0	3
2001	147.332	147.474	G5	79	101	1	1
2002	147.46	147.58	E6	88	103	0	2
2003	147.46	147.602	E5	76	101	1	2
2004	147.588	147.696	C6	84	101	0	1
2005	147.588	147.718	C5	72	101	1	4
2006	147.704	147.813	C#6	85	101	0	4
2007	147.704	147.835	C#5	73	101	1	3
2008	147.821	147.944	C6	84	101	0	3
2009	147.821	147.966	C5	72	101	1	1
2010	147.952	148.076	Bb5	82	105	0	2
2011	147.952	148.097	Bb4	70	101	1	2
2012	148.083	148.192	G5	79	101	0	1
2013	148.083	148.214	G4	67	101	1	4
2014	148.2	148.309	G#5	80	101	0	4
2015	148.2	148.331	G#4	68	101	1	3
2016	148.317	148.435	G5	79	101	0	3
2017	148.317	148.457	G4	67	101	1	1
2018	148.443	148.562	E5	76	103	0	2
2019	148.443	148.584	E4	64	101	1	2
2020	148.57	148.679	C5	72	101	0	1
2021	148.57	148.701	C4	60	101	1	4
2022	148.686	148.796	C#5	73	101	0	4
2023	148.686	148.818	C#4	61	101	1	3
2024	148.804	148.924	C5	72	101	0	3
2025	148.804	148.946	C4	60	101	1	1
2026	148.935	149.088	Bb4	70	108	0	2
2027	148.935	149.11	Bb3	58	101	1	2
2028	149.096	149.206	G4	67	101	0	1
2029	149.096	149.228	G3	55	101	1	4
2030	149.214	149.325	G#4	68	101	0	4
2031	149.214	149.347	G#3	56	101	1	3
2032	149.332	149.452	G4	67	101	0	3
2033	149.332	149.474	G3	55	101	1	1
2034	149.46	149.58	E4	64	103	0	2
2035	149.46	149.602	E3	52	101	1	2
2036	149.588	149.696	C4	60	101	0	1
2037	149.588	149.718	C3	48	101	1	4
2038	149.704	149.813	C#4	61	101	0	4
2039	149.704	149.835	C#3	49	101	1	3
2040	149.821	149.944	C4	60	101	0	3
2041	149.821	149.966	C3	48	101	1	1
2042	149.952	150.098	Bb2	46	101	1	2
2043	149.952	150.076	Bb3	58	105	0	2
2044	150.083	150.214	G2	43	101	1	4
2045	150.083	150.192	G3	55	101	0	1
2046	150.2	150.331	G#2	44	101	1	3
2047	150.2	150.309	G#3	56	101	0	4
2048	150.317	150.457	G2	43	101	1	1
2049	150.317	150.435	G3	55	101	0	3
2050	150.443	150.584	E2	40	101	1	2
2051	150.443	150.562	E3	52	103	0	2
2052	150.57	150.701	C2	36	101	1	4
2053	150.57	150.679	C3	48	101	0	1
2054	150.686	150.818	C#2	37	101	1	3
2055	150.686	150.796	C#3	49	101	0	2
2056	150.804	150.907	C2	36	96	1	1
2057	150.804	150.924	C3	48	101	0	1
2058	150.935	151.995	C3	48	100	0	1
2059	150.935	151.995	F3	53	100	0	2
2060	150.935	151.995	A3	57	111	0	4
2061	150.935	151.995	C4	60	106	0	5
2062	150.935	151.995	F1	29	100	1	5
2063	150.935	151.995	F2	41	110	1	1
2064	151.996	153.158	C3	48	97	0	1
2065	151.996	153.158	F3	53	97	0	2
2066	151.996	153.158	G#3	56	108	0	3
2067	151.996	153.158	C4	60	103	0	5
2068	151.996	153.158	F1	29	97	1	5
2069	151.996	153.158	F2	41	111	1	1
2070	153.164	153.826	C3	48	100	0	1
2071	153.164	153.826	F3	53	111	0	2
2072	153.164	153.826	G3	55	111	0	3
2073	153.164	153.826	C4	60	106	0	5
2074	153.164	153.826	C1	24	100	1	5
2075	153.164	153.826	C2	36	114	1	1
2076	153.827	154.448	C3	48	95	0	1
2077	153.827	154.448	E3	52	106	0	2
2078	153.827	154.448	G3	55	95	0	3
2079	153.827	154.448	C4	60	101	0	5
2080	153.827	154.448	C1	24	95	1	5
2081	153.827	154.448	C2	36	105	1	1
