--- Python Loaded log_initial_prob[0] ---
[-0.92578567 -1.77306334 -1.70160803 -2.36081926 -1.85002014]
--- Python Loaded log_initial_prob[1] ---
[-2.23566503 -2.17851078 -2.36081926 -2.50390967 -0.50457685]
--- RIGHT HAND ---
--- Python Trellis at n=1 ---
-8.758624480671166 -8.758291172736962 -7.023991666146946 -8.47074405683874 -16.765014308568514
-5.005757408832203 -10.519003720718183 -10.518199735711988 -17.42696174415909 -17.426989662860528
-5.057617143370829 -5.472034564600671 -9.488646031209974 -17.08941608134697 -10.180596185244475
-7.165892993815422 -5.779705403739533 -7.8590442044388125 -10.63215767051534 -17.539485489272348
-7.5908555325684155 -8.101699351955117 -5.408753574513139 -6.328761345821835 -10.29890793519184
--- Python Trellis at n= 387 ---
-1586.2897451083857 -1591.8920070485437 -1599.1319887006114 -1599.7721937877889 -1599.5343967953434
-1583.2919261510294 -1587.7433612462528 -1599.0196418804876 -1598.8930966336916 -1600.2881096552564
-1585.5899661460603 -1587.714591503834 -1594.7668702150722 -1596.765855421424 -1599.5392108275848
-1586.0466321564027 -1587.660695918266 -1588.262234733078 -1597.0338776857545 -1595.8976565529974
-1587.8906658131564 -1589.3395707825755 -1591.9150056414205 -1596.032570859463 -1597.720516402142
--- Python Trellis at n= 773 ---
-3127.561697609679 -3132.87641787963 -3132.5494414320124 -3137.616644390657 -3141.8789040790307
-3124.2785872228446 -3129.694385694978 -3134.0540581655396 -3142.115748913192 -3143.512603721254
-3126.8960807165786 -3127.090020232697 -3131.6470871004817 -3142.942512238157 -3139.797878509555
-3132.0498759322486 -3131.0499505061557 -3131.853633585156 -3135.9770965974517 -3144.483756725457
-3134.556686885997 -3135.3650224370253 -3135.4633561073733 -3135.7968353588467 -3139.3440178970964
